0.000055116880,-0.000032665905
0.000081289860,0.001071762676
0.000606732460,0.000209123263
0.000369839800,-0.000499914121
-0.000161145907,-0.000342801007
-0.000106013818,0.001002271332
-0.000489080635,-0.000138997008
0.000475886933,-0.000858141799
-0.000944212568,0.000559955537
-0.001404811775,-0.000683020861
0.000568055954,-0.000559885310
-0.000613493828,0.000102775620
-0.000222209315,-0.000353438719
0.000036756880,-0.000824535038
-0.000343873658,0.000202583396
-0.000287047371,0.001004513533
-0.000549473306,0.000218319014
0.000910848929,-0.000453210318
0.000186441310,0.001150612145
-0.000123626277,-0.000889904005
-0.000028773252,0.000032432973
-0.000906129246,-0.000535763159
0.000617369385,-0.000312558081
-0.000922865240,0.000616074165
-0.000251163200,0.000160724245
0.000893746714,-0.000017207329
-0.000298945543,0.000932062962
-0.000112081120,-0.001158090362
0.000108631081,0.000040217400
-0.000279492324,0.001132498459
0.000491340241,-0.000169814592
-0.000080129676,0.001316614618
0.000342252952,0.000446958935
0.000223525773,-0.000788898326
-0.000571688351,-0.000876532967
0.000008259033,0.000961000850
-0.000318182451,0.000424896344
0.000062743318,0.000863030854
0.001212302970,0.000472880919
0.000566913445,-0.000799584506
-0.000346725020,0.000575273314
0.001050814219,-0.000263830430
-0.000879687264,0.000409473594
0.000074550904,0.000572704941
-0.000063755261,-0.000757377987
-0.000808050994,0.000984958922
0.000287638021,0.000155432044
0.000047510932,0.000473070587
-0.000412024581,-0.000411311737
0.000282172289,-0.000087655628
-0.000027229333,0.000274200175
0.000365293896,0.000181144025
0.000914732530,-0.000329756354
-0.000748281990,-0.001078485615
-0.000265363181,0.000238383543
-0.000441403783,0.001043364183
-0.000249634839,-0.000970708378
0.000183443480,-0.000052709043
-0.000092442480,0.000327546913
-0.000133150258,0.000367843530
-0.000927083412,0.001018507049
-0.000100386903,0.000389809515
-0.000087111629,-0.000358952481
0.000703039710,-0.001215620205
0.000257182051,0.000432612782
0.000749444678,-0.000211202078
-0.000015381039,0.000391181014
0.000107402413,0.000637722118
-0.000513328192,-0.000217664168
0.000405149010,-0.000949466158
0.000260618366,-0.000499115291
-0.000877331866,0.000412959745
0.000579537641,0.000116909971
0.000066270936,-0.000074136619
0.000582757398,-0.000017333010
-0.000240306397,0.000274201873
0.000498283316,0.000325613680
-0.000695380716,0.001393737347
0.000160331978,-0.000673441800
-0.000007531876,0.000180224902
0.000034873801,-0.000023135794
0.000156893160,0.000521182738
0.000291689479,-0.000493465075
-0.000481038612,-0.000118258675
0.000410561182,0.000114831831
0.000045940583,0.000138328224
-0.000712805936,-0.000586712184
0.000353826341,0.000044755443
-0.000281162017,-0.000074466769
-0.000202733980,-0.000849766299
-0.000556347981,-0.001209047292
-0.000020721387,0.000149926935
0.000020978647,-0.000001983996
-0.000936626330,-0.000362287590
0.000425832684,-0.001201817213
0.000202057091,-0.000691592430
-0.001104015244,0.000053067424
-0.000536750601,-0.000432864711
-0.000830326514,0.000252693862
-0.000096861253,-0.000265681340
0.000000201100,-0.000353545222
-0.000442659142,-0.000120848078
0.001144703272,0.000428483873
-0.001475478933,0.000031293690
0.000478171274,-0.000031281026
-0.000638560258,0.000567222326
0.000644466289,-0.000118802170
-0.000152034573,-0.000494028408
0.000152657436,0.000340741713
0.000274982126,0.000218216369
-0.000275945871,0.001229585045
-0.000588045223,0.000514848271
0.000567523230,-0.000519731685
0.000269052219,-0.000253737562
0.000479796405,-0.000467580422
-0.000251881358,0.000525129977
0.000644625299,-0.000161177915
0.000417125252,-0.000829342155
-0.000444161600,-0.000366169426
0.000311730014,-0.000373785559
0.000136279411,0.000386213571
0.000219404426,-0.000256734309
-0.000340160522,0.000134595150
0.000399571573,-0.000474900649
0.000127332325,0.000000175581
0.000417853031,-0.000417223512
0.000475892696,-0.000025379104
0.000848373425,0.000402925614
0.000272125628,0.000852520907
-0.000222965182,0.000951666410
0.000621440868,0.000507799025
0.000148074430,0.000128644902
0.000776511422,-0.000770925112
-0.000193873119,-0.000277614034
-0.000363495824,0.000340584187
0.000322225490,0.000304198398
-0.000855869945,0.000555026976
-0.000156051127,-0.001193418549
-0.000337100544,-0.000129204852
-0.000173268005,-0.000406974110
0.000278508987,-0.000792675256
0.000126469876,0.000177069603
0.001387929615,-0.000666701818
0.000468657055,-0.000461598473
0.000218247254,-0.000205937157
0.000364549704,-0.001116467115
0.000286463770,0.000480660759
0.000741384427,0.000455889678
0.000235759272,0.000855153059
0.000062671110,-0.000015195210
-0.000143541232,0.000119452016
0.000211317536,-0.000088366155
-0.000565268179,-0.000611710666
0.000509619517,0.000275694059
-0.000068407434,0.000048203749
-0.000504161506,0.000005987528
-0.000480725760,0.000768883333
0.000257576775,0.000578300873
-0.000401990526,0.000147522252
-0.000413455059,-0.000684089404
-0.000544798383,0.000722233885
-0.001344613991,-0.000639968617
-0.000488216358,-0.000840715310
0.000299910986,-0.000194967751
0.000279694449,0.000415940151
0.000504982074,0.000566297088
0.001181310595,0.000397562348
-0.000040029233,-0.000209675573
0.000512008969,0.000159188598
-0.000015768654,0.000065209740
0.000341874392,-0.000745678981
0.000718836732,0.000348859112
0.000342676777,-0.000846375309
-0.001260499004,0.000030589255
0.000715614250,-0.001183868069
-0.000724290355,0.000066541119
-0.000470182718,0.000767084822
0.001537613989,-0.000517714548
0.000722101182,-0.000356529535
-0.000480878790,0.000004808104
0.000292059907,0.000185772303
-0.000739749415,-0.000481884980
0.000521114669,-0.000406218069
-0.000732742206,0.000309835673
0.000355945548,0.000548449731
0.000816145218,0.000096968775
0.000232727890,-0.000569226520
-0.000612607528,0.000223143761
-0.000410099934,0.000452039263
0.000068091457,-0.000159481557
0.000237175207,0.000364164428
0.000077736403,0.000353151325
0.000111859491,0.000482592760
0.000122916258,-0.000184299266
0.000903435457,0.000719357121
0.000242243647,0.000714280589
-0.000504863169,0.000622869474
-0.000746897880,0.000022927509
-0.000356029853,0.000326816850
0.000475830726,-0.000982633745
-0.000584112162,-0.000366947611
-0.000656667018,-0.000299389483
0.000354378632,0.000264570933
-0.000617568552,-0.000354936369
-0.000549566818,0.000635807721
0.000091252556,0.001109299257
0.000133048636,0.000034930538
-0.000783800666,0.000471551413
-0.000222654183,-0.000942420607
-0.000320747060,-0.001155090773
-0.000386133415,-0.000603058007
0.000171831418,-0.001348366889
-0.000766098447,-0.000657032633
0.000120577387,0.000298286492
-0.001007012420,0.001414264499
0.000013397268,0.000321692082
0.000526504332,-0.000745963230
-0.000331705086,0.000121809952
-0.000381194890,-0.000529262021
-0.000337605718,0.000122941796
-0.000030761382,0.000391099792
-0.001017743462,0.000179443522
0.000020868920,0.000111218987
0.001077741485,0.001120304100
-0.000820524852,-0.000330001866
0.000122274184,0.000261964327
0.000122341162,0.000177582210
0.000023737389,0.000764366703
0.000631245808,0.000793962693
0.000574073363,-0.000322097321
-0.000080509114,0.000521023991
-0.000216645898,-0.000231950175
0.000424180212,0.000184326124
-0.000856248326,0.000940919808
-0.000619419580,-0.000407235491
0.000672897852,0.000773061129
-0.000486497437,0.000196966845
-0.000553214023,-0.000504515814
0.000414604077,-0.000124761958
-0.000486944033,0.000357177113
-0.000519573961,0.000347024022
0.000021475447,0.000091775359
0.000750958948,-0.000593328094
0.000478720719,-0.000414429052
0.000143001622,0.000410917811
-0.001146765998,-0.000878987673
0.000337210182,0.000622633956
-0.000929696895,0.000070110530
-0.000669247607,0.000425936622
0.000589876627,0.000216947773
-0.000123592047,-0.000215008864
0.000161601291,-0.000195377692
0.000281301345,0.000620786256
0.000168552294,-0.000584295948
0.000390086118,0.000439157701
0.000428973368,-0.000558103424
-0.000433062509,-0.000988424206
0.000609837941,0.000135025553
0.000147004745,0.000190895378
0.000314431810,-0.000152498269
-0.000644037893,0.000167283812
0.000116367713,0.000901566200
0.000764637651,-0.000612359958
-0.000386584590,-0.000154594186
0.001148575013,-0.000304086989
0.000654799787,-0.000615693560
0.000155062541,-0.000624843583
0.000308009619,0.000461103142
0.000025327677,0.000190819583
0.000379065618,-0.000455949658
-0.000335069996,-0.000753379373
0.000038233095,-0.000265576260
0.000030633786,0.000885295906
-0.000185115992,-0.000086903481
0.000678584547,-0.000390114418
0.000021506299,0.000299184065
0.000518132991,0.000423014171
-0.000566032814,-0.000754434417
0.000016561522,0.000547339452
0.000370165036,0.000526671956
0.000143726167,-0.000217102072
0.000364058725,-0.001026525836
0.000501274367,-0.000731297969
-0.000090923603,0.000076004133
-0.000112658854,-0.001487837125
-0.001826707894,0.000510151453
0.000175849436,-0.000081056824
0.000456584441,-0.001681160394
0.000086770733,-0.000015021732
0.001102739098,-0.000281386154
0.000648166304,0.000622094785
-0.000225044419,-0.000075573426
0.000103409754,-0.000189166291
-0.000458841370,-0.000299500736
-0.000019938702,-0.000052762334
-0.000427119896,0.000534640743
0.000218356531,0.000833776752
-0.000916491037,-0.000218959816
-0.000026131087,-0.000057432972
-0.000188713207,-0.000546025256
0.001170121645,0.000392633384
-0.000463658764,-0.000233919829
-0.000791839933,-0.000478810350
0.000695907245,-0.000630752862
0.000097745750,0.000577564689
0.000904668350,-0.000438260188
0.000840330757,-0.000348326937
-0.000814865021,-0.000187295076
-0.000607976718,0.000184484325
0.000330792698,0.000677851222
0.000330322310,0.000572846614
0.000193507756,-0.001129124978
0.000292143083,0.000144526251
-0.000555813445,0.001008276155
-0.000668901530,-0.000418294563
-0.001049588525,0.000263457624
-0.000659447535,0.000098270391
-0.000089666859,0.000286824079
0.001033565565,0.000054523665
0.000401602447,-0.000251600565
0.000301061036,0.000401510045
0.000070280873,-0.000208420198
-0.000388566060,0.000701755445
-0.000225703053,-0.000476303787
-0.000402669107,-0.000659852621
0.000162030683,0.000097458850
-0.000693854216,-0.000072759358
-0.000193463592,0.000671264240
0.000091519878,0.000419339476
-0.000314370507,-0.000432584455
-0.000683216151,0.000397821829
-0.000374861734,-0.000001732642
0.000657683782,0.001010781448
0.000604309113,0.001148857319
-0.000220825108,0.000766028100
0.000290518038,-0.000604838757
0.000245366392,-0.000920418936
0.000093559161,0.000138694454
-0.000406628673,-0.000529285516
-0.000115531290,0.000081148953
0.001065788604,-0.000456825246
0.000626114226,-0.000192817341
-0.000305643897,0.000274814452
0.000469145582,0.000927017160
-0.001174734472,-0.000416136135
-0.000058369546,-0.000612212623
0.000150181287,0.000008964357
-0.000412130992,0.000948737875
0.000213304176,0.000199393755
0.000471372013,-0.000627568939
-0.000157165782,-0.000672184282
-0.000376386612,0.000140735360
-0.000415708574,-0.000209373691
-0.000156578657,0.000143007272
-0.000382729262,0.000329704997
-0.000641994889,0.000330232610
0.000695339438,0.000167443120
0.000162267829,0.000030397615
-0.000522492048,-0.000850344642
0.000949395524,-0.000382789678
-0.000287864065,0.000392377613
0.000018136826,-0.000406434318
-0.000620311861,-0.000160314132
0.000077400271,0.000011813401
0.000977579208,-0.000393825163
-0.000044245725,0.000414463253
0.000429799701,-0.000451359849
0.000443373409,-0.000221357766
0.000408392731,0.000269896717
0.000077594513,-0.000958049786
-0.000238222872,0.000629464222
-0.000481055582,-0.000331664693
-0.000212895329,-0.000167482338
0.001349409366,-0.000765636146
0.000104831198,0.001073214666
0.000468809227,0.000993192601
-0.000527720457,-0.000009383531
-0.000051529613,-0.000281716169
-0.000486762170,-0.000786950976
0.000045312198,0.000147379980
-0.000603267227,0.000458452655
0.000770087348,-0.000212749313
0.000013860249,0.000091435486
0.000083374389,0.000108282625
-0.000285711198,0.000949850045
0.000407821429,-0.000138216656
0.000233243475,-0.001091188173
-0.000280714420,0.000119387678
0.000833633179,-0.001065232232
0.000036438145,-0.000598113749
-0.000389878889,-0.000073378184
0.000255681827,0.000371868757
0.000326062317,-0.000429132603
-0.000048806761,-0.000190263237
-0.000293693743,-0.000428807019
-0.000129297166,0.000998545116
0.000613881072,0.000402033400
0.000623859301,0.000119312267
-0.000847053081,0.000133274587
-0.000561460980,-0.000192108932
-0.000675262242,-0.001128117329
0.000182607220,-0.000177070605
-0.000646001225,-0.000265937046
0.001099006480,-0.000444720032
0.000883305814,0.001049396636
-0.000117027605,-0.001466792002
-0.000536798302,0.000286382165
0.000955679257,-0.000223255237
-0.000539500542,0.000019548034
0.000307501769,-0.000052498219
0.000056377482,0.000748587065
-0.000387227020,0.000082797018
-0.001129750995,0.001442149450
-0.000091155291,0.000452735547
-0.000591661209,0.000469886249
-0.000505311684,0.000731341810
-0.001940317445,0.000214344185
-0.000180471337,0.000499474037
-0.000289577386,0.000531129192
0.000595283947,-0.000604562527
-0.000242351686,0.000304195950
-0.000148017104,-0.000384792038
-0.000092240603,-0.001214770911
0.000241338845,-0.000341945754
0.001062621454,0.000644555517
0.000849033888,0.000684693848
0.000390249517,-0.000302010418
-0.000321019849,-0.000288862894
0.000561671663,-0.000200709920
-0.000240362532,-0.000179339437
0.000483898299,0.001126951156
0.000556962890,-0.001085931101
-0.000460460091,0.000415238297
0.000017049595,-0.000755159810
0.000399267973,-0.000357680429
-0.000594328520,0.000372405206
-0.000272218134,0.000502003951
0.000171402288,-0.000144616658
0.000239503965,-0.000553539596
-0.000145541748,0.000021799244
0.000426270245,-0.000210816519
0.000203028532,0.000710853661
-0.000514537982,-0.000326277444
0.000613410146,-0.000278771095
0.000099746110,-0.000050950021
-0.000217324470,0.000276847526
-0.000531826738,-0.000452975230
0.000029136637,-0.001077159005
-0.000270714783,-0.000532678370
0.000728274663,-0.000591399390
-0.000723350840,-0.000413272001
0.000095712534,-0.000364292623
0.000761865126,0.000593005208
0.000311016042,0.000382835458
-0.001138185853,0.000025399568
0.000671612923,-0.000351361558
-0.000767397084,-0.000321874959
-0.000389223370,-0.000354011518
-0.000312355996,-0.000208022217
-0.000169687468,-0.000501278134
-0.000623464402,0.000580135288
0.000735486334,-0.001174147413
0.000025691217,-0.000525946397
0.000582068750,-0.000039950105
0.000535598926,0.000201934989
-0.000489695301,0.000432575149
-0.000100736618,0.000287595560
0.000735399533,0.000009286439
0.000394250157,-0.000470924769
-0.000088372558,-0.001155774828
0.000052062039,0.000302651849
-0.000360870051,0.000783117846
0.000874492573,0.000218733159
-0.000925585301,-0.000054088977
-0.000375441668,-0.000253695887
0.000116468532,-0.000627899614
0.000255715347,0.000256399644
0.000447925510,0.000047846579
0.000850610213,-0.000574710219
-0.000080964230,-0.000828419069
-0.000208428264,-0.000150537074
-0.000056732997,0.000065283485
0.000163866178,-0.000049817052
-0.000016896986,-0.000341557194
0.001269254443,0.000094766895
-0.000681333876,-0.000101408786
0.000530050590,0.000134572813
-0.000010016759,-0.000162931396
0.000787673301,-0.000460798497
-0.000286422069,-0.000434996191
0.000610246856,0.000899718825
0.000569155625,-0.000144226550
0.000093698774,0.000113363366
0.000323820374,0.000284949123
-0.000135174661,0.000984872097
0.000265732966,0.000639658672
0.000534298531,-0.000268629374
-0.001317431451,-0.000100153973
0.000569341447,0.000223656042
0.000223059568,0.000290042010
-0.000433970665,-0.000217705334
0.000466626583,-0.000212680499
-0.000507079467,0.000448981261
0.001047868595,0.000135953074
0.000505644110,0.000538151862
-0.001116595681,-0.000172574035
-0.000778601703,0.000446951680
-0.000290586724,-0.000167774198
0.000133642054,0.000765537974
-0.000404875364,-0.000067754436
-0.000118524080,0.000445848445
0.000442313688,-0.001151273293
0.000029922773,0.001086199390
-0.001116527455,-0.000406936596
-0.000825080477,-0.000049926416
0.000555350550,-0.000145334431
0.000608996739,0.000337654549
-0.000697328445,-0.000166999967
0.000029523978,0.000733392296
0.000610659795,0.000381294581
0.000262055285,0.000659859611
-0.000233611009,-0.000619786817
-0.000250311859,0.000612352112
0.000833049186,0.000319894603
0.000406769867,-0.001350375525
-0.000747861390,0.000811137994
-0.000749922301,0.000214554137
-0.001130734822,-0.000054930278
0.001048612419,-0.000295671262
-0.000460736008,0.000342406203
0.000109892847,-0.000229942450
0.001039469068,-0.000593928929
0.000645283007,0.001004127486
-0.000495872054,-0.001799835564
-0.001087657751,0.000066823889
-0.000311390895,0.000268485984
-0.000643554036,0.001557487779
-0.000194803497,-0.000281900803
0.000161208273,0.000564059340
0.000240444601,-0.000696931221
-0.000701066098,0.000144284523
-0.000047031248,-0.000157513337
-0.000756872259,-0.000519437672
-0.001358091247,0.000266942740
0.000709507034,-0.000244344850
0.000075467503,0.000067187828
-0.000043673338,-0.000444582070
0.000024138064,-0.000498019914
-0.000176014988,0.000661369892
-0.000856914353,0.001462576451
0.000104716627,0.000593601415
-0.000358896449,0.000958296472
0.000025687561,0.000167861213
0.000477213351,0.000514516506
0.000551579416,0.000496684293
0.000450634211,-0.000248011509
-0.001069738696,-0.000024532796
-0.000263472863,0.000641005343
-0.000555042731,-0.000773839316
0.000698011788,0.000032571424
-0.000123785879,-0.000103245609
-0.000597252047,-0.001002486206
-0.000075156487,0.000142392146
0.000178028855,-0.000294755511
-0.000119193616,-0.000147183484
0.000271975522,0.000656670329
-0.000712165913,0.000815655264
0.000415041045,-0.000416349661
-0.000978521509,-0.001188133636
-0.000468653062,-0.000643519166
0.000089592477,0.000668113213
0.000743852275,0.000475126823
-0.000395920085,-0.000517227523
0.000408717360,0.001019491855
-0.001049354026,0.000892559645
-0.000399210243,0.001523226109
0.000825960906,-0.001118762876
0.000024837836,0.000199104957
-0.000158463152,-0.000606981450
-0.000576504935,-0.000260404727
0.000229281148,-0.000190104617
0.000751851082,0.000103821452
-0.000751867727,0.000159662285
0.000567732645,-0.000501543433
0.000138627695,0.000896519167
0.000574870923,-0.000464934416
-0.000677567602,0.000747687793
0.000131259256,-0.000593242155
-0.000368444704,0.000091429570
0.000586190754,0.000012614371
-0.000929136012,0.000258216106
-0.000112776511,-0.000075539483
0.000327570043,0.000582362956
0.000483782334,-0.000164482374
0.000705643125,-0.000056751109
0.000252353862,-0.000324714456
0.000244506329,-0.000146446413
0.000060884970,-0.000402213942
0.000113631305,0.000737917778
0.000183014489,0.000831915418
0.001608561106,-0.000301026348
0.000521503331,-0.000855484804
-0.000858947658,-0.000300970094
0.000048667377,0.001087979804
-0.000270778744,0.000965707030
-0.000845741453,0.000034420228
0.000900147210,0.000092631144
-0.000032750467,0.000640265655
-0.000290253108,0.000887545923
0.000156865131,0.000550109278
0.001070763432,0.000856920495
-0.000909064265,-0.000649314394
0.001126282596,0.000414538535
-0.000563582247,-0.000420667093
-0.000192299680,0.000472178021
-0.000096359063,0.001216096287
-0.000225486642,-0.000754500066
-0.000024789986,-0.000881844171
-0.000016080451,0.000473891534
-0.000474740698,0.000329846317
0.000317479970,-0.000319300847
0.000115854151,-0.000081902070
0.000009100088,0.001461442720
0.001025707177,-0.000129140389
0.000153778394,0.000026065992
-0.001164590186,0.000006352961
-0.000711472649,-0.000432648136
-0.000054151709,0.000023791080
0.000117756032,0.000245937789
0.000027671504,0.000256153567
-0.000092153906,-0.000816792955
0.000145963905,0.000429609458
-0.000400497922,-0.000650004780
0.000674445090,-0.000684640616
0.000478587059,0.000347377346
0.000371637886,-0.000014338488
0.000322841907,0.000213796744
0.000913186459,0.000343119027
0.001236909429,0.000401926036
-0.000418851942,0.000247423058
-0.000284501850,-0.000263412862
-0.000754463288,0.000647111119
0.000776538407,-0.000226922407
0.000354557642,0.000033588226
0.000463384813,0.000898938437
0.000238004524,-0.000327624592
0.001181900494,-0.001629139153
-0.000201719910,-0.000457960236
0.000133922422,-0.000048822515
0.000313115267,0.000798636847
-0.000007134402,0.000276903525
-0.000322649959,-0.000206551855
0.000328593474,-0.000263776240
-0.000871834742,-0.000098308259
0.001044541541,0.000342079744
0.000701558218,-0.000162452437
0.000619272734,0.000809064899
0.000038310405,-0.000306789554
0.000496593306,0.000269652405
0.000775463260,-0.000778018268
-0.000159275783,0.000638691890
0.000800417114,-0.000651672071
-0.000106367812,0.000525076602
0.000142327675,0.000799616694
0.000242176814,0.000335310756
-0.000434690685,-0.000598116292
0.000064487147,-0.000035934349
-0.000276296581,-0.000176130749
0.000610682866,-0.000391578126
0.000112413216,0.000146145765
-0.000215389702,-0.000512998914
0.000042577627,-0.000629920083
-0.000171521542,-0.000604709387
0.000052848249,0.000854733518
-0.000349771422,-0.000375691370
0.000048130390,0.000274263340
-0.000113525407,0.000283086503
-0.000673475530,0.000396123055
0.000382868743,0.001432350675
-0.000915495512,-0.000341728792
-0.000096970335,0.000976841079
-0.000195738346,-0.000805438982
-0.000490409186,0.000399039725
-0.000088740312,-0.000079487325
-0.001070675216,0.000012665628
0.000366579990,0.000183510295
0.000312917562,-0.001151107337
0.000153737760,-0.000434515652
0.000337580520,0.000610552353
-0.000488712178,0.000643929607
-0.000035110325,-0.000285203032
0.000171058554,0.000426544093
0.000469702636,0.000263555604
0.000243707725,0.000133875358
0.000457216217,0.000976988207
-0.000323092479,0.000216461275
-0.000770529585,0.000451993635
-0.000164633685,0.000813139706
0.000335609468,-0.000297998062
-0.000545744480,0.000243883143
0.000433070739,-0.000075503745
-0.000821771748,0.000158431170
0.000604277960,-0.000376722751
0.000495224423,-0.001474020615
-0.000449922167,-0.000015368345
0.000076456466,0.000136380951
0.000598506331,-0.000490328931
-0.000814409810,-0.000334200017
-0.000551496775,0.000457808361
0.000451537310,-0.000114944061
0.000583578184,0.001069946113
0.001347049892,-0.000161578053
-0.000373633591,-0.000005064156
0.000041546048,-0.000079481437
0.000254526316,-0.000871340318
-0.000363052302,-0.000296188423
0.000034194605,-0.000101902857
-0.000410728827,-0.000011303951
0.001482323424,-0.000167378217
-0.000119791010,0.000461429763
-0.000227710560,-0.000907743366
-0.000031398795,-0.000289837182
-0.000367705048,0.000248170087
-0.000199241869,-0.000518324409
0.000569042498,0.000269648659
-0.000309682508,-0.000177714626
0.000776780868,0.000471419639
-0.000519394675,0.000063540753
-0.000628541616,0.000625674830
0.000274301288,0.000315686543
-0.000035143692,-0.000327970064
-0.001026425349,0.000296033204
-0.000388244304,0.000940961416
0.000386968009,0.000634994824
-0.000528954840,0.000081525260
-0.000345313554,-0.000723670396
0.000659130706,0.000740296750
-0.000472809616,0.000168993751
-0.000629236614,0.000194634479
-0.000504378939,-0.000150785982
-0.001013242493,0.001010557741
-0.000023500280,-0.000843829106
-0.000511157186,0.000606146564
0.000047086999,0.000947945317
-0.000267074036,-0.000155533211
-0.000370006816,0.000159828072
-0.000602696931,-0.001595195967
-0.000044711280,-0.000121010780
-0.001004159139,-0.000720243179
-0.000104852094,0.000366852547
0.000618336893,0.000192098231
0.000584809745,-0.000429228129
-0.000464668829,0.001330400029
-0.000367226572,-0.000693501293
-0.000428905319,0.000457130846
-0.000391680362,0.000278888515
0.000212057224,0.000334528459
0.000869767613,-0.001236088080
-0.000044536285,-0.000930000731
-0.000000091167,0.000020018044
0.000228293403,0.001366892997
-0.000556493133,0.000097409812
0.000144641973,-0.000377426026
-0.000677138752,0.000099924245
0.000558099566,-0.000253924070
0.001738727796,-0.000659614802
0.000422799573,0.000289154695
-0.000825181124,0.001314233065
-0.000413551868,-0.000638086399
0.000081226543,0.000349267717
0.000308562561,0.000493061588
0.000850171275,-0.000093353534
-0.000036102953,0.000233177608
-0.000038195264,-0.000485765495
0.000306168769,-0.000131539115
0.000468962403,-0.000388713601
-0.000363860406,-0.001967912823
-0.000235226419,-0.001003944396
0.000046195692,-0.000368601888
-0.000307648489,0.000405201163
0.000284593399,0.000929132404
-0.001005536521,0.000465708746
0.000035972724,0.000420508435
0.000287942790,0.000574371705
0.000692231688,0.000102260684
-0.001040357015,-0.000009674246
-0.000172083910,-0.000738092240
-0.000554509428,0.000657606379
-0.001105799048,0.000079749254
-0.000409566640,-0.000684294800
-0.000368568265,-0.000505251397
0.000589538603,-0.000286931747
0.000392469027,0.000062427664
-0.000893062673,-0.000151544521
0.000596206623,0.000670274050
0.000696117748,-0.000672092895
-0.000391196619,-0.000596676797
-0.000100181178,-0.000196170104
0.000971718718,0.000220649559
0.000662051617,0.000567814174
0.000032544869,0.000634180720
0.000263223763,-0.001591312729
0.000589249044,-0.000395532762
0.000482957962,0.000052586400
-0.000379535490,-0.000880733664
0.000763676149,0.000374398506
-0.000087660893,-0.000036421223
0.000060955930,0.001111798363
0.000011447908,-0.000561070293
-0.000061206245,-0.000560864752
-0.000843416313,-0.000266095160
0.000069552806,-0.000547940902
0.000534000091,-0.000585834627
0.000308173595,-0.000081236070
-0.000156364101,0.000341406872
0.000146676853,0.000608213597
-0.000938737234,0.001031119900
0.001060544240,-0.000348593425
-0.000663642726,0.000271322893
-0.000815560348,0.000171898433
-0.000174718690,-0.000188753154
0.000803884057,0.000718400036
-0.000511772355,0.000525406887
-0.000242236310,0.000081184758
0.000406402527,-0.000119798203
0.000353252137,0.000261701180
-0.000367420881,-0.000487783573
0.000246991891,-0.000891666671
-0.000063426406,0.000573701246
-0.000063006894,0.000643482754
-0.000177889396,0.000795994558
-0.000859384305,-0.000135233528
-0.000131124997,0.000448214753
0.000505988571,-0.000240928723
-0.000076029326,0.000152322814
0.000724586427,0.000401126651
0.000774339130,0.000626513317
0.000077311880,0.000298087079
-0.000010063672,0.000171706334
-0.000804767421,0.000821097633
-0.000050965714,-0.000187863847
-0.001324857743,-0.001588903249
0.000827708638,-0.000543378876
-0.000589755318,-0.000135230233
-0.000673616742,0.000268990983
0.000452287363,-0.000075958358
0.000741909768,-0.001137190448
0.000507041556,-0.000169607993
0.000324501304,0.000197407869
0.000273956143,-0.001595502992
0.000104058143,-0.000705009088
0.000091391511,0.000454195335
-0.001319050291,0.000138483892
0.000144192788,0.000932040368
0.000436293400,-0.000856968292
0.000560550355,0.000306288688
0.000775940519,0.001137389833
0.000500265091,0.000489948373
-0.000573394999,0.000434497561
0.000001865757,-0.001040979918
0.000146518970,-0.000667427477
-0.000299223325,0.001030232752
0.000011940316,0.000046632562
-0.000018055687,-0.000103760422
-0.000072407479,0.000228162973
0.001046624542,-0.000723057564
0.000437290995,-0.001178000326
-0.000295637665,0.000449516081
-0.000089797187,-0.000006722620
-0.000092931175,0.000788119802
-0.001371411572,-0.000039509288
0.000754535230,0.000196433393
0.000341033142,0.000291323382
-0.000638536479,0.000032134336
0.000321308445,-0.001002747745
0.000715329358,0.000601522642
-0.000853341161,-0.000578115092
0.000219819824,-0.000125586441
0.000407678803,-0.000682968807
0.000647319615,0.000312735713
0.000842469150,0.000037453654
-0.000034678646,-0.000158729622
0.000874231832,0.000413542593
0.000593193463,0.000064597806
-0.000694670758,0.001116341051
0.000226884744,0.000026626646
-0.000241763383,-0.000480624425
0.000366790461,0.000006423422
-0.000878396807,0.000279342096
-0.000001997487,-0.000599740503
-0.000268761740,-0.000322935606
0.000322241462,0.000297597752
-0.000483868749,-0.000345372945
0.000827153785,0.000503797488
-0.000463391006,0.001087901014
0.000482278128,-0.001056738679
0.000224951977,-0.000097679367
0.000784767186,0.000230279551
-0.000272586009,-0.001214056328
-0.000306702007,-0.000448170175
0.001009200817,-0.000255256886
0.000300107258,0.000436137941
-0.000050179825,-0.000126266878
0.000384071940,-0.000842972477
0.000290391079,-0.000282417515
0.000195379963,-0.000347854686
-0.000249702030,-0.001188283837
0.000295577042,-0.000050319612
-0.000328052605,0.000918454714
-0.000525620003,-0.000082804347
0.001250330954,-0.000145991608
0.000002473734,-0.000385034960
-0.000216950337,0.000650751215
0.001093400675,0.001434246082
0.001237873479,-0.000053489673
-0.000425054650,0.000091172037
-0.000105122087,0.000642811922
0.000697404064,-0.000443626482
0.000105910291,-0.000025052115
-0.000641860253,-0.000128365865
0.000285652810,0.001066772935
-0.000042048044,-0.000357983589
-0.000306353783,0.000064522085
-0.000408947101,0.000443071789
0.000448844816,-0.000458014614
-0.000505095465,0.000444147277
-0.000473681709,-0.000017964657
-0.001015401154,0.000099191560
-0.000710818099,-0.001061703515
-0.000920501933,0.000059619092
0.000435641861,0.000187483819
0.000409304080,-0.000243032646
-0.000629867213,0.000704694629
0.000638121070,-0.000488112716
0.001000466248,0.000657504708
0.000118197820,0.000061188881
0.001658745598,-0.000073545757
-0.000366835790,-0.000923705018
0.000290110398,-0.000188264040
0.000054284341,0.000200263477
0.000691855098,0.001533631939
0.000184345080,-0.000769545930
-0.000181408219,-0.000067121186
-0.000047475811,0.000858440225
-0.000533093762,0.000105601986
-0.000069750786,-0.000543574115
0.000099739120,0.000076820527
0.000280607708,-0.001742667133
-0.000092175559,0.000836932745
0.000684101697,0.000164695053
-0.000231233629,-0.000370487017
0.000748160722,-0.000509958895
-0.000693133487,0.001152553613
0.000084934120,-0.000792461121
0.000285057461,0.000188117781
-0.001266032727,-0.000030880297
-0.000399437675,0.000001405956
-0.000689478491,-0.000403521859
-0.000286855944,0.000330600324
0.000850943742,0.000399082983
0.000394250486,0.000383900448
-0.000715586489,0.000308582534
-0.000754540741,-0.000671240991
-0.000627238901,0.000134873939
0.000364670718,0.000467088780
0.000123165284,-0.000705806195
0.000469428037,-0.000378327052
0.000169773134,-0.000728646572
-0.000060860773,-0.000548895201
-0.000628528905,-0.000463626882
0.000544310864,0.001103937847
0.000553212394,-0.000143455397
-0.000693120487,-0.000119777696
0.000509184114,-0.000422950508
-0.000823245257,0.000077974050
-0.000147390475,-0.000180312354
0.000750270982,-0.000711728703
0.000071340919,-0.000523237378
0.000500063644,0.000088747221
-0.000357306911,-0.000286918329
-0.001038558774,0.000592483868
0.000450536952,-0.000120075392
-0.000402695883,-0.000265351634
-0.000798584732,-0.000238776196
0.000562578398,-0.000278806221
0.000184153070,0.000195573605
-0.000589902094,-0.000293700879
0.000152730657,0.000097584957
0.000090060321,0.000860022412
0.000339350310,-0.000055385229
-0.000268687817,0.000252581678
-0.000420441172,-0.000242351248
-0.000496548235,0.000165665943
0.000665219882,0.000675679988
0.000308909819,0.000204103948
-0.000839304281,-0.000097878111
0.000040119028,-0.000119980868
-0.000937843155,-0.000372440869
0.000708081175,0.000247220268
0.000012520128,-0.000898422384
-0.000075184387,-0.000803578060
0.000784726368,-0.000342816980
-0.000470900155,0.000555469461
0.000423923769,0.000670161766
-0.000209547461,-0.001017845268
-0.000530372333,-0.000324956245
0.001240799148,-0.000282540843
-0.000577667335,-0.000409141717
-0.000428165444,-0.000680879649
-0.000132459589,-0.000087530473
-0.001213545550,-0.000388932471
0.000162725924,0.000435196323
-0.000692633028,-0.000195056438
-0.000140690686,-0.000048509295
-0.000958241352,-0.000577534973
0.000863409557,-0.000010389585
-0.000875445519,-0.000339955851
0.000200209192,0.000586045253
0.000344093221,0.001381041724
0.000167995053,-0.000736518252
-0.000151697039,0.000427027512
0.000423072270,-0.000379306079
0.000284959846,-0.000247066291
0.001232616326,-0.000548886258
-0.001212931597,0.000222913753
0.000002236094,-0.000592338353
0.000302375009,0.000872282131
0.000280921327,0.000652542193
-0.000429466879,-0.000312252986
0.000152271287,0.000080345080
-0.000759627710,-0.001055773732
-0.000251350436,0.000758348962
-0.000053407164,0.000681163952
-0.000273547401,-0.000140156094
0.000645231196,0.000382151266
0.001109141314,0.000448603865
0.000806693618,0.000858513777
0.000051840408,-0.000466510317
-0.000002083048,-0.000647108271
-0.000049811903,0.000420149345
-0.000422938432,0.000670118227
-0.000107216047,-0.000285373924
-0.000706213816,0.000256534399
-0.001206996992,-0.000224321756
0.000165897358,-0.000381944814
0.000741694364,-0.000391286197
0.000119099634,0.000562645451
-0.000147695395,0.000867980176
-0.000664644200,-0.000647287514
0.000302217519,0.000684700138
0.000864292794,-0.000387759358
0.000265264004,0.000921066940
0.000005457229,0.000177937251
0.000567403569,0.000324684806
-0.000849670624,0.000697966151
-0.000019658930,-0.000554946506
0.000190789572,0.000654609549
-0.000046141889,-0.000172873771
0.000427337176,-0.000617421520
-0.000371136659,-0.000032258067
0.001014964167,-0.000065207195
0.000240908749,0.000801461889
0.000308477565,-0.000635034236
0.000120797004,-0.000435818386
0.000889968473,-0.000466848198
0.000459896584,0.000428538997
0.000398639627,-0.000015888090
-0.000813836137,0.001385924434
0.000080493405,-0.001295487625
-0.000931419486,0.001340349302
-0.000292525127,-0.000051808273
-0.000712361074,0.000024448115
-0.000322407274,-0.000643798680
0.000292711177,0.000184274461
0.000365900119,0.000588305887
-0.000821233964,-0.000011025643
-0.000473672944,0.000158498666
0.000890949373,0.000740183622
0.000330230935,0.000135943697
-0.000155594914,0.000430828642
0.000079394703,-0.000609552319
0.000835337576,0.000204198076
-0.000211522967,0.000283883988
0.000982232513,0.000500962696
0.000403632405,-0.000193604619
-0.000077592530,-0.000356819719
-0.000992259995,0.000236236060
-0.000046583519,0.000479968447
-0.000092919277,-0.000896789304
0.000447942056,0.000324539269
-0.000478200051,-0.000352994587
0.000998896209,0.000217943566
-0.000106996016,0.000195590117
0.000224795192,-0.000125268234
-0.000142348670,0.000329581470
0.000246519417,0.000348202344
-0.000300832845,0.000332269231
0.000667859200,-0.000963251989
0.000540115951,-0.000770788393
0.000063106182,-0.000529546734
-0.000738356479,-0.000454046453
-0.000468195449,-0.000671218489
0.000063657245,0.001500411470
0.000801192537,0.000264752255
-0.000722064033,-0.000450991470
0.000044112822,0.000016419746
0.000804053896,0.000024784795
-0.000039299855,-0.000053019735
-0.000193414798,-0.000963118602
0.000021501840,-0.000787480049
0.000192981743,-0.001201721509
-0.000879379552,0.000180004800
-0.000550179842,0.000426880525
0.000146912312,0.000457529582
-0.000253039070,-0.000411031192
-0.000101020561,-0.000503022317
0.000102855580,0.000129632955
-0.001183834780,0.000693789653
-0.000337964658,-0.000249931018
0.001128645937,0.000789682028
0.000468169918,0.000352819323
0.000390336272,-0.000110501461
0.000549881544,0.000015045771
-0.001076570696,0.000033217869
-0.000567605699,0.000431995838
-0.000712739854,-0.000831418947
0.000602731927,0.000015323627
-0.000000468742,-0.000132660827
-0.000170829555,0.000317849412
0.000677090011,0.000113856494
-0.000772847700,0.000131181719
-0.001183327470,-0.000084344167
0.001461455081,0.000859016484
-0.000163213483,0.000186509950
-0.000229898405,-0.000424134428
-0.000499427964,-0.000801509639
-0.000652086803,0.000215951394
0.000034661117,0.000799475217
0.000265633497,-0.000565026452
-0.000040960471,-0.000216523504
-0.000105200394,-0.000816266617
0.000385178861,0.000706473541
0.000813245583,0.000113275795
0.000170878962,0.000476470680
-0.000030400679,-0.000144925716
-0.000408201860,0.000314630087
-0.000479389543,0.001418164755
-0.000321100686,-0.001122057372
-0.000541465981,-0.001097832806
0.000738441367,0.000252584395
0.000928973934,-0.000669382785
-0.000761145745,-0.000873605547
0.000082201173,-0.000665255280
0.000676984779,0.000115905666
-0.001596387246,-0.000102270034
-0.000376087161,-0.000022353376
0.000982504438,0.000060696621
-0.000942983067,-0.000230071964
-0.000095558549,-0.000377807116
0.001077300837,0.000337911614
0.001652172323,-0.000097718235
-0.000228351737,0.000466141142
-0.000217876051,0.000061095465
0.000419584263,0.000048866141
0.000299082023,-0.000144611013
-0.000817477144,0.000117342130
-0.000051424209,0.000009623076
0.000305777501,0.000727014553
0.000065632492,-0.000617314452
-0.000423324199,-0.000194037962
0.000307327082,0.000369830096
0.000676041414,-0.000004926281
0.000376499927,0.000220227594
0.000040949088,-0.001100506806
-0.000030166984,0.000165209197
-0.000219493376,-0.000432906972
0.000960622330,-0.000441280183
-0.001649603558,0.000952445003
0.000046679701,-0.000530012933
0.000786625550,0.000276247348
0.000026689726,0.000699308502
0.000126773655,0.000486436368
0.000408527447,0.000870583923
0.000226321874,0.000803094397
-0.000012271348,0.000265534590
-0.000350339196,0.000336321769
0.000001420173,0.000783591361
-0.000382253489,0.000033483020
-0.000107475575,-0.001246644152
0.000793924910,-0.000650879777
0.000303826943,0.000635063718
-0.000000633931,-0.000053896801
-0.000552642432,-0.001123883503
-0.000102323551,0.001017305217
-0.000739412604,0.000177536142
0.000234604452,-0.000332724549
0.000260921505,-0.000871608538
-0.000829568541,0.000645707013
0.000609593312,-0.001104246208
-0.000142155077,0.000301997959
0.000238982134,0.000595951149
0.000265197889,-0.000166661473
0.000355570307,-0.000098338846
0.000501900367,-0.000227972284
-0.000306539894,0.000380095255
0.000428724918,-0.000384603908
0.000805757313,0.000723328453
-0.000074611568,0.000088605142
-0.000012430444,0.000033026779
0.000096714313,0.000149865070
-0.000075210510,-0.000441883213
-0.000803093382,-0.000039799111
-0.000376325323,-0.000243017632
0.000183160985,0.000691287003
-0.000157225061,0.000037924293
0.000000622604,-0.000187471204
-0.000462866370,0.000215647305
0.000034467214,0.000100199669
0.000670453844,-0.000541536794
0.000024613411,-0.000695364155
0.000417170232,-0.000574814608
-0.000195804649,0.000549288191
0.000657252501,0.000170398794
0.001041014725,0.000140154059
0.000494896924,0.000461152486
0.000444014764,-0.000114916907
-0.000127524830,-0.000738576471
0.000713058436,-0.000986875562
-0.001238106656,-0.000100039356
0.000509437198,-0.000171144765
-0.000693963613,-0.000370753183
0.000794021282,0.000591475376
0.001219951088,0.000476671946
0.000000788084,0.000300540200
0.000285992673,-0.000493410170
0.001014968109,-0.000482345088
0.001894625384,-0.000510021916
0.000451576397,-0.000109831839
0.000019239863,0.000071138052
0.000476612695,-0.000691179018
0.000188981108,-0.000563428071
-0.000470543717,-0.000305870838
0.000961753794,-0.000253052652
-0.000571767083,0.000013786737
0.001073392727,-0.000765757724
-0.000654625738,0.000175131703
-0.000087342607,0.000103718655
-0.001117702401,-0.000414612474
0.000096888445,0.000106105785
-0.000268281935,-0.000884351189
0.000841231224,0.000789537646
0.000036729790,0.000563660905
0.000753316204,-0.000077553916
-0.000004393930,-0.000231262166
-0.000217321576,-0.000867416660
0.000456873250,-0.000350624970
-0.000406368198,0.000953243492
-0.000615951234,-0.000385752428
0.000023654934,-0.001027382201
0.000661157683,-0.000133986799
-0.000341285120,-0.000470404442
0.000838856064,-0.000801741077
-0.000183350920,0.001281904797
-0.000591832618,-0.000112176286
-0.000310901232,-0.000212821850
-0.000665587181,0.000635745469
0.000986859866,-0.000969579050
-0.000416314557,0.001319863226
0.000024100712,-0.000492185433
-0.000748009731,0.000446451547
0.000477166881,-0.000009246215
-0.000226407359,0.000466265640
-0.000666212044,0.000020622465
-0.000894518630,0.000198954332
0.000797938916,-0.000452902008
0.000081582783,0.000256899971
0.001429588898,0.000491313586
0.000381764799,0.001765337691
-0.001028535163,-0.000501258955
0.000346385049,0.000540078537
-0.000931143544,-0.000575086400
-0.000187232479,0.000784098997
0.000458462562,-0.000222840786
-0.000154834496,-0.000895703544
-0.000339151745,-0.000425448031
-0.000482931450,0.000207471447
-0.000660788465,-0.000394418578
-0.000034574629,-0.000902430046
-0.001262495491,0.000229952167
-0.000138922730,0.000528457244
-0.000260309305,-0.000725225380
-0.000473837694,0.000153376919
0.000154199340,-0.000646675485
0.000165595115,0.000205955211
-0.001176265593,0.001111972227
0.000221441969,-0.000097920890
-0.001279545884,0.000206708851
0.000462017676,-0.000360661611
-0.000047800693,-0.000514805825
0.000322181119,0.000305205364
0.000192029163,-0.000025227331
0.000373248894,0.000585963465
-0.000000670396,0.000164211959
-0.000446542410,-0.000111541391
0.000572390243,-0.001294745116
0.001117079873,-0.000122078196
0.000252556480,0.001282680016
0.000016713893,0.000797283111
0.001046014191,0.000214703491
-0.000458967424,-0.000144876561
-0.000377717168,0.000197136429
0.000230211983,-0.000258281923
-0.000340942181,-0.000403316051
-0.000490333765,0.000606430729
0.000080431209,-0.000397758306
0.000207097825,0.000145474122
-0.001294090362,-0.000220473714
-0.000407837570,0.000840628976
-0.000765375407,0.000318402699
-0.000035055334,-0.001024703036
-0.000126119616,0.000774779325
0.000501618335,0.000102129167
-0.000348835274,-0.000469219047
0.000429095012,0.000979476877
0.000522952836,0.000227126959
0.000866127406,-0.000632745071
-0.000115722650,0.000242619491
0.000483968104,0.001361835234
-0.001006882443,0.000200107450
-0.000657878467,0.000592896798
-0.000817834231,0.000641683485
-0.000233938870,0.001060825846
-0.000592618320,-0.000009903316
-0.000067410805,0.000108053757
-0.000678964960,0.000474152348
0.000387638248,0.000441533577
0.000974695973,0.000273534980
0.000383852553,-0.000140622931
0.000340457333,0.000282975466
0.000235567853,0.000589526423
-0.000244311883,-0.001168504022
-0.000563211552,-0.000816704344
0.000027553055,0.000745041075
0.000230515116,-0.000134491666
-0.000941366912,-0.000335619692
0.000324951902,0.000359571345
-0.000236572749,-0.000357112660
0.000804438213,-0.000007491066
-0.000187054018,0.000785123799
-0.000699564484,0.000085918176
-0.001195860435,-0.000004500444
-0.000137127961,-0.000562280778
-0.000170624019,-0.000344812930
-0.001244138034,0.000065569436
-0.000387025555,0.000668807570
0.000023905205,0.000197949231
-0.000192186570,-0.000273299660
-0.000061250819,0.000520594032
-0.000243483070,-0.000399142733
0.000725029498,0.000145832954
0.000104361954,0.000109646228
0.000272202183,0.000203710246
0.000220446904,0.000643967544
0.000427194559,-0.000184640899
0.001143771266,-0.000172817936
0.000283667335,0.000726616776
-0.000232102937,0.000535006183
-0.000117213474,-0.000494645182
-0.000293795180,-0.000488039006
-0.000245265642,0.001340966915
-0.000588826359,0.001567530610
-0.000272460053,0.000196543666
-0.000177078818,0.000127763959
-0.000418838777,-0.000669237943
-0.000114986689,-0.000863702063
-0.000520914008,0.000758678893
0.000466496406,-0.000051862965
-0.000321408065,0.000474410448
-0.000363591944,0.000181849803
0.000319345888,-0.000155099398
-0.000098036519,-0.000196621327
-0.000487945246,-0.000452302223
0.000337515038,-0.000330855579
0.000062887585,0.000464840571
0.000429852940,-0.000705397410
-0.000652124181,-0.000575890443
0.000277823907,-0.000978566317
-0.000391444373,0.000363613790
-0.000354038865,0.000669252165
0.000126814349,-0.000451998438
-0.001020706719,-0.000642007753
-0.001051776528,-0.000079800266
0.000042380984,-0.000913694733
-0.000725273886,0.000856751892
0.000882832309,0.000041726344
-0.001195770783,-0.000216229899
-0.000032008813,-0.000523525426
-0.000144621486,0.000005451500
-0.001577749203,0.000354958539
-0.000743991863,0.000949125353
-0.000177799663,0.000314555705
-0.000385748355,0.000472529896
0.000921739138,0.000095098764
-0.000912092645,0.000952994321
-0.000503615457,0.001301868613
0.000627100754,-0.001015965554
-0.000341787214,-0.000232466624
0.000702691916,0.000027726476
0.000547340407,0.000008395758
-0.000547973727,-0.001181044624
0.001188134127,-0.000233261555
0.000052433118,-0.000880767087
0.000747726432,0.001622454887
0.000186274382,-0.000023600424
-0.001195316607,-0.000508970530
0.000173179326,-0.000172896341
-0.000619516045,0.000222621493
-0.000006985871,0.001180254139
-0.000957272742,-0.000595011338
0.001041623504,0.001152921976
-0.000061497926,0.000071064875
-0.000644718612,-0.000677821568
0.000639869225,0.000184116929
0.001566526394,0.000299469671
0.000094219505,-0.000811333496
0.000992059009,-0.000420432685
-0.000537620511,-0.000896328630
0.000607687267,-0.000117405913
-0.000707765151,0.000314018238
0.000352941187,-0.000319212421
-0.000166069840,-0.000521614634
0.000996151094,0.000184348612
-0.000068210179,-0.000275500832
-0.000295835281,0.000528929894
0.000344396767,-0.001091649743
-0.000161818039,0.000761292761
0.000402282171,-0.000046646223
0.000059610496,-0.000612916353
-0.000042520490,0.000107892957
0.000372964471,-0.000690217424
0.000879332833,0.000043588270
0.000254918653,-0.000069311122
-0.000363923549,0.000038070473
0.000277366310,0.000155737662
0.000446876679,-0.000057158159
0.000343154536,0.000513914170
0.000407246386,0.000843196919
-0.000336868506,0.000298384921
0.000362582567,-0.000646144437
-0.000104301133,0.000590004133
0.000830370312,0.000872170652
-0.000466491256,-0.001367186841
-0.000640882509,-0.000208940525
-0.000095073948,-0.000274471874
-0.000641893010,-0.000407541417
0.000662170339,0.000960152856
-0.000207875557,0.000164813357
0.000467831715,0.000313978799
-0.000197612549,-0.000133562904
-0.000584062502,-0.001039902984
0.000422527793,0.000703859779
-0.000323204829,0.001065353719
0.000400442534,-0.000393507062
-0.000009052566,-0.002034354836
-0.000757866159,0.000740304509
-0.000607910495,0.000816394711
0.000540304042,0.000085779280
-0.000670223888,-0.000753694172
0.000099236828,-0.001167340338
0.000366567455,0.000727162804
0.000176103619,-0.000221442996
-0.000922609470,-0.000026058710
0.000503591264,0.000013114297
0.000029038407,0.000100669045
0.001139627701,-0.000382553138
-0.000143783422,-0.000433611050
0.000740238087,0.000704868302
0.000188920402,0.001197476819
-0.001346889187,0.000122600058
-0.000269266218,-0.000385743863
0.000202089101,-0.000523864204
-0.000615432222,0.000426011884
-0.000138671745,0.000459859567
0.000205453475,0.000898122164
0.000880484576,0.000049106951
0.000666740639,-0.000071586450
-0.001267529695,0.000593184957
-0.000278566554,-0.000248588764
0.001441093024,0.000471680308
-0.001305377049,-0.000458039605
0.000272122706,-0.000351008001
-0.000434612222,-0.001125829793
0.000497568481,-0.000120838629
-0.000240749082,-0.002026293613
0.000590309114,0.000081278122
0.000238659643,0.000551779288
0.000250403346,0.000553595424
-0.000126366475,0.001384688547
0.000840817731,0.000433360743
0.000097989719,0.000283578300
0.000565220760,-0.000046458005
0.000643013855,-0.000027458586
0.000146646217,-0.000656926671
-0.000586785611,0.000254873364
0.000056795249,0.000009415389
0.000656871477,0.000789503508
-0.000093915928,-0.000037440960
-0.000791051839,0.000032480207
0.000673112272,0.001176453194
-0.000040840362,-0.000262819018
0.001191266476,0.001006150691
-0.000061062472,0.001478064015
-0.000557569326,0.000284792911
-0.000516138376,0.000824848606
0.000047786983,-0.000624722284
-0.000520524170,0.002390186348
-0.000638422636,0.000548463818
-0.000215481637,0.000152748300
-0.000506225897,0.000271682181
-0.000316412315,-0.000485073848
-0.000236291727,-0.001328755773
0.000022999906,0.000292556457
-0.001283887166,0.000620487285
-0.000450182746,-0.000314891702
-0.000368926854,0.000299914100
0.000701189032,0.001013911142
0.000463122946,-0.001186401008
-0.000442642200,0.000338174787
-0.000234182160,-0.000563265355
-0.000852345091,-0.000227651125
0.000730576981,0.000610015419
0.000823563870,-0.000142075046
-0.000253228172,-0.000099099112
0.000783636618,-0.000182511223
0.000636604777,-0.000049863133
-0.000329210885,-0.000474758961
0.000054193404,-0.000093852767
-0.000301950765,-0.000247259462
-0.000809689054,0.000008992619
-0.000997426571,0.000156479257
0.000097204579,0.001167473916
0.000018940812,-0.000001823661
0.000340917144,-0.000149993787
-0.000734836601,0.000077646482
0.000265659928,-0.000638226793
-0.000656912027,0.000555552699
-0.000071094984,0.000456947349
0.000133665671,0.000670072894
-0.000012551047,0.000246443916
-0.000408467558,0.001464358278
-0.000581563260,-0.000220762913
-0.000976031619,0.000874735539
0.000635472310,-0.000073570068
-0.000873761922,0.000083680593
-0.000767646646,0.000616312769
-0.000029155124,-0.000418023198
0.000439041350,0.000424645288
0.000570761447,-0.000083972434
-0.000301464023,-0.000629829165
0.000029862231,0.000294310425
-0.000018000273,-0.000089909010
-0.000730191335,-0.000780477754
0.000769078428,-0.000150006961
0.000437350767,0.000010969189
-0.000024518321,-0.000023117887
0.000582392453,0.000600740483
0.000288638704,-0.000232854558
0.000322636640,0.000418819510
0.000096302526,-0.000064074617
0.000717457694,0.000648986903
-0.000011181601,0.000082845774
0.001086721003,-0.000316891100
0.000846118937,0.000011464481
0.001121480270,0.000701501753
-0.000861074653,-0.001017213900
0.000583532321,0.000489212886
-0.000046200690,0.000185738763
0.000821227552,0.000403335356
0.001156852103,-0.000548638725
0.000867469539,0.000240832872
0.000509673678,0.001043688782
0.000531986382,0.000453605976
0.000752389155,0.000104414249
-0.000274109661,-0.001151917208
-0.000002929889,-0.000069502005
-0.000149395731,-0.000792663751
-0.000320328394,-0.000840917881
-0.001192372825,0.000020627849
0.000546417169,0.000581457919
0.000644100544,-0.001317810086
0.000030055135,-0.000852900847
0.000092689380,-0.000966404716
-0.000597836097,0.000225795116
0.000335070528,0.000806159296
-0.000044337751,-0.000806728110
0.000234037090,0.000372312320
-0.000058016563,0.000622729351
-0.000228580934,-0.000225510412
0.000795785429,0.000714964332
-0.000802470137,0.000294069639
-0.001672642204,0.000144954355
-0.000766122713,0.000208864188
-0.000985551214,-0.000079412250
-0.000689394329,0.000724271739
-0.000783094086,-0.000200086390
0.001036520335,-0.000244478321
0.000082469609,0.000431995465
-0.001172206124,0.000196382798
0.000470499785,0.000187967347
0.000176409315,-0.000461184105
-0.000451271297,0.000928237851
-0.000507011383,0.000784554553
-0.000518651073,0.001131696690
-0.000192589921,-0.000304954396
-0.000210016868,0.001363112785
0.000089870447,0.001247947396
0.000103386173,0.000147783448
0.001179105656,0.000649925781
0.000740497362,-0.000306007159
0.000000854978,-0.000193040080
-0.000529997864,0.000077007844
-0.001150351856,0.000531808872
-0.000467539004,0.000106808339
-0.000212947172,0.000585265255
0.000693902989,0.000077975983
-0.000873095324,0.000328649536
-0.000397679356,-0.000190648292
0.000997287445,0.000163711636
0.000705865008,0.000015072283
-0.000704986623,-0.000505893067
-0.000543713044,-0.000230917550
0.000168702119,0.000127851920
0.000293517779,0.000960582095
-0.000887725050,-0.001248566676
-0.000391716972,-0.000152764677
0.000833585539,0.000365283022
-0.000439372622,0.001200338745
-0.000755972800,0.001180313727
-0.000209835452,-0.000396326666
0.000325592945,-0.000357588616
-0.000140683433,-0.000377789164
-0.000196958842,0.000199663866
-0.000822914236,-0.000148720469
0.000384024134,-0.000627799647
0.000397256062,-0.001486882035
-0.000336829801,0.000689903120
0.000441933438,-0.000607957672
-0.000388035397,0.000603355812
-0.000249369966,-0.000092032086
0.000998981502,-0.000616901504
-0.000451844955,-0.000218319505
0.000648551713,0.000132373647
0.000426707183,-0.000110053204
-0.000411043143,-0.000603334324
0.001237354683,-0.000519359063
-0.001073606588,-0.000720638638
0.000139296835,-0.001339191379
0.000407850298,0.000424909809
-0.000103143973,-0.000593052621
-0.001461751710,0.000567591801
0.000287721190,-0.000005820239
-0.000855767480,0.000345646766
-0.000319016013,0.000669297431
0.000507236084,-0.000501158743
-0.000140693462,0.000121774757
-0.000395112992,0.000068037646
0.000080326967,0.000041435499
-0.000199819110,0.000296091971
-0.000216041779,0.000838472869
-0.000020745694,-0.000667211925
0.000383125366,-0.000053885884
-0.000424021679,0.000269094359
-0.000701350052,-0.000718209791
-0.000037520117,0.000775439119
-0.000592931105,-0.000059405753
0.000239734245,-0.000151127739
0.000530769902,-0.000303298161
-0.000306787823,0.000212587662
0.000716388918,0.000228025213
0.001080770627,0.000282425700
-0.000084975925,-0.000056616277
-0.000136754839,-0.000696018046
-0.000772809842,0.000092088978
-0.000592591453,-0.000144307660
-0.000616062432,0.000223532763
-0.000661999956,-0.000270213261
0.000191127099,0.000569776421
-0.000355910872,0.000493277656
-0.000090038512,-0.001195319472
0.000082461692,-0.001029664319
-0.000366233884,-0.000074805588
0.000504977707,-0.000194849717
-0.000156005456,-0.000633176713
0.000807198916,0.000325862647
-0.001176106493,0.000555712817
0.000377960658,-0.000020127920
0.000508780563,-0.000749675263
0.000405335676,0.000365969705
-0.000663414882,-0.001087809945
0.000101544143,0.000401650901
0.000244740753,-0.000276823856
-0.001186404744,0.000722915078
-0.000583727261,0.000306385966
0.000987209239,-0.000603929695
-0.000558998797,-0.001233509093
-0.000558431148,0.000447702416
-0.000745065274,-0.000591836125
0.000259366172,0.000011906971
0.000308655702,0.000546451812
0.001025144378,-0.000355664998
-0.001012033543,0.000717366412
0.000317493018,-0.000067816436
0.000275755761,0.000399293752
-0.000474516431,0.000304770285
-0.000269240458,-0.000086291512
0.000055728100,0.000187892366
0.000648377779,-0.000978020764
0.001590267895,0.001284687827
0.000001037792,0.000296299237
-0.000378055504,-0.000866737551
0.000944034365,0.000225857348
-0.000155504251,0.000241454571
0.000228371879,0.000626120058
0.000110642655,0.000388293149
0.000065037101,-0.000478561036
0.000932672095,0.000004103064
0.000307180287,-0.000088517420
0.000642000988,0.000680888401
0.000460534394,-0.000430177155
-0.000130717629,0.001158895095
0.000754284625,0.000015394326
0.000053691558,0.000243292695
-0.000232865027,0.001803608080
-0.001632428400,0.000809959689
0.001290770225,-0.000407696404
0.000203666019,-0.000452045426
-0.000401652818,0.000516077270
-0.000018723211,-0.000343561251
-0.000228125473,-0.000636798030
-0.000220575252,-0.000543890856
0.000266448680,-0.000014307321
0.000613910886,0.000148232837
0.000852996589,0.000094232745
-0.000382068608,-0.000453361095
0.000405918216,0.000236625814
0.000810728468,0.000278046003
-0.000257828476,0.000772367712
-0.000016246076,0.000790460474
0.000902008074,0.000084621499
-0.000030477240,0.000163021842
0.000391975972,0.000549937236
0.000056626034,-0.000017668990
0.000389546462,-0.000122344939
0.000133309674,0.000587496428
0.000569194203,-0.000363236733
0.000468488728,0.000803132047
0.000776297797,0.000780467572
0.000586081937,-0.000090154905
-0.000157727621,0.000066070413
-0.000000259984,0.000014081969
-0.000068911849,0.000028041250
-0.000280243415,0.000248824890
-0.000384561084,-0.000000880751
-0.001433629571,-0.001190794081
0.000634001510,-0.000768992629
-0.001671398651,0.000555672625
-0.000894983182,0.000376119709
-0.000679721844,0.000329825038
0.000332293719,0.000347650378
-0.000142089530,0.000673992758
-0.000161543026,0.000192808988
-0.000050788246,-0.001877607204
0.001001453814,0.000234523050
0.000584816568,0.000282269611
0.000075228624,-0.000440622828
-0.000722349404,0.000937635564
-0.000212329133,-0.000287049502
0.000043150857,-0.000027539851
0.000104336896,0.000876222017
-0.000073963953,-0.000405665276
-0.000525293714,0.000296489113
0.000364722007,0.000583766488
-0.000566286604,0.000187226993
-0.000101230134,0.000580023272
-0.000614271967,0.000210064431
-0.000082367615,-0.000524472013
-0.000163572918,-0.001004291063
-0.000331294135,-0.000283111283
-0.000441803875,-0.000939995117
0.000216403677,-0.000306503218
0.000200439762,-0.000023507665
0.000392685190,0.000668642140
0.000252315735,0.000608124372
-0.000173982829,-0.000279760424
0.000326889680,-0.000519541746
0.000765163606,0.001010879330
-0.000686262219,0.000182474378
0.000456509875,0.000345166317
0.000941706110,0.000291458018
-0.000293820647,0.000146213426
0.000150315022,-0.000495642501
0.000132864868,-0.000039588082
0.000814159865,-0.000669816908
-0.000135862766,-0.000201508510
0.000939520765,0.000137694161
-0.000556763562,0.000111234405
-0.000155811373,-0.000566907597
0.000347207749,0.000639513850
-0.000061305862,0.000794388561
-0.000372533081,0.000370063102
-0.000025710173,0.000533763496
0.000127441222,0.001136040865
-0.000243126850,-0.000667234655
0.000624381439,-0.000319823855
-0.001114285644,-0.000793300901
0.000351733623,0.000064039736
-0.000330681562,0.000072617112
-0.000794294374,-0.000373724708
0.000732522135,0.000137565277
0.000508077751,-0.000736920180
-0.000296788560,-0.001074071323
0.000479057377,-0.000388066396
-0.000227208338,0.001817281178
0.000323351254,0.001096606957
0.000211661637,0.000086468853
0.000461978490,-0.000463686994
-0.000579951929,0.000071023203
-0.000766825608,-0.000347436238
0.000023944823,-0.000123140481
0.000024934317,-0.000476597840
0.000390446853,0.000258877485
-0.000257270156,0.000179876837
-0.000946807448,-0.000625146018
-0.000515957501,0.000879093678
0.000725937136,0.000374705653
0.000020732733,-0.000134822111
0.000041919900,-0.000639349415
0.000526642520,-0.000950502788
0.001416996682,0.000362447399
0.000059580305,-0.000736641433
0.000304348261,-0.000593255779
0.000537183579,-0.001350829162
-0.000203051640,-0.000342691519
0.000823792659,-0.000930664466
-0.000599369178,0.000648313516
0.000303758102,0.000267449544
-0.000308389478,-0.000730140905
-0.000042632591,-0.000795279666
0.000626323860,-0.000521461789
-0.001340829260,-0.000325179083
-0.000514678202,0.000119248838
-0.000458158299,0.000542139479
-0.000121140245,-0.000087867648
-0.000525117668,0.000381422661
-0.000719093765,-0.000698161962
0.000303203337,-0.000438297132
-0.000718366256,0.000378504694
0.000460506267,0.000533986321
-0.000369804772,-0.000400588540
0.000694459143,-0.000409710683
-0.000623534679,-0.000614912881
0.000145636903,0.000300756504
-0.000391617711,-0.000073698069
-0.000135923825,0.000473146060
-0.001117365632,0.001305403491
0.000065091768,-0.000895706355
0.000300119846,-0.000186101989
-0.000377227107,-0.001068584311
0.000809455041,-0.000218733649
0.000710182604,-0.000914409971
0.001043026752,-0.000983249112
0.000047335864,0.000194964447
0.001498999905,-0.000106994591
-0.000837299542,-0.000863064457
0.000146482436,-0.000440822032
0.000218070104,-0.000115773626
-0.000009103800,0.000514075582
0.000555688610,0.000223219420
0.000226024888,0.000876437323
-0.001153812548,-0.000411963816
0.000585304412,-0.000666612528
0.000120749808,-0.000608504464
-0.000006602586,-0.000248169897
0.000983743064,-0.000417577949
0.000510083322,0.000513602253
-0.000770083638,-0.000193217328
-0.000257302716,-0.000155685924
0.000272849652,-0.000117083117
-0.000473554761,0.000269190238
0.001015165507,0.001345313315
-0.000336412650,-0.001138884241
-0.000036681967,-0.001039118492
-0.000073016315,0.000833509042
0.000632475292,0.000819549843
-0.000100418373,-0.000477795137
-0.000667845950,0.000163001888
0.000648301468,0.000003777630
-0.000700507639,0.000583651483
-0.000587563358,-0.000580621193
0.000040489652,0.000476872940
-0.000951583353,0.000534029556
-0.000106135363,0.000675742945
-0.000208812105,-0.000479600912
0.000251688989,0.000378571940
-0.000838054022,-0.000337008435
-0.000233415779,0.000150555126
0.000643932001,-0.001059748749
-0.000005990700,-0.000331977750
0.000498496549,0.000633634581
0.000660759701,-0.000805193279
0.000317372358,-0.000216195718
-0.000822161825,-0.000386597497
0.000103124950,-0.000596985878
-0.000185382654,0.000022420286
-0.000193155349,-0.000804919592
-0.000966779060,-0.000510517993
0.000547977560,-0.000097230520
-0.000849008641,0.000079943831
-0.000471040365,0.000681492014
-0.000528070794,0.000892561216
0.000558772272,-0.000136868324
-0.000301295408,-0.000011095898
-0.000368417623,-0.000296985930
-0.001060529807,0.000282682645
-0.001030951940,0.000486647082
-0.000520210379,-0.000044390493
-0.000710817560,0.000957112633
0.000152426851,-0.000273645216
-0.000395869593,-0.001031883193
0.000021914026,0.000562240385
0.000563363163,0.000606913136
0.001329444368,0.000156625606
0.000094189825,-0.000547844425
-0.000197211705,-0.000643618313
0.000109187660,0.000142451399
-0.000121252995,0.000141976986
0.000871383579,0.000584476220
0.000767458635,-0.000044640891
0.000081060320,-0.000290624753
-0.000424460896,0.000765535342
-0.000630992774,0.000272638672
-0.000275830858,0.000159332384
0.000177758326,0.000379900997
0.000779025301,-0.000801960544
0.000514065840,-0.000018907324
0.000014754241,-0.000414957702
-0.000228631139,-0.000414041718
0.000648314215,-0.000124495032
0.000208216526,-0.000908465301
-0.000084588484,-0.000302473130
0.000631132633,-0.000995592374
-0.000911118193,0.000608438648
0.000611217397,0.000310799720
-0.000094844941,0.000521661082
-0.000378657919,0.000139233880
-0.000449664636,0.000258545156
-0.000162657097,0.000646493851
0.000561801109,0.001316951521
-0.001134098563,0.001033853668
-0.000055687838,-0.000033417048
-0.000044995747,0.000708173643
0.000021408159,-0.000083584709
0.000939632483,0.000156628545
-0.000481191235,0.000679139824
-0.001422629189,-0.001126716681
-0.000391757191,-0.000551604624
-0.000206102476,-0.000276107583
-0.000493824532,0.000226540667
0.000015023096,-0.000469105312
0.001236853345,-0.001349502034
0.000445309944,-0.000546291621
0.000104125348,-0.000133208541
0.000143917596,0.000755110401
0.000321789675,0.000005403549
0.000202245508,0.001205872665
-0.000233755697,0.001223398094
0.000012499450,-0.000296805113
-0.000382235896,-0.000607433179
0.000645719354,0.000149183609
-0.000636908032,-0.000321857362
-0.000755814951,-0.000464339658
-0.000577437568,-0.000282317183
-0.000329805505,-0.001269997612
-0.000161918276,-0.000316159456
0.000451702028,0.000916644438
-0.000122686749,0.000329336598
-0.000895370507,-0.000632547561
0.000387423147,0.000657427908
-0.000305449998,0.000248773854
-0.000449778953,-0.000899414096
0.000352946350,-0.000147542390
-0.000486966955,0.000370971221
0.000063124154,-0.000848147231
0.000800071310,0.000550986515
0.000109042564,-0.000106333995
0.000058058711,0.000179070533
-0.001024511561,-0.000339411184
-0.000075031459,0.000377217080
0.000872083181,0.000950927292
0.000576905195,-0.000979900468
0.000458315749,-0.000392562233
-0.000193909924,-0.000080202737
-0.000396473391,-0.001233006405
-0.000499477564,-0.000334456631
0.000662235961,-0.001027356585
0.000792035323,0.000056174829
0.000063013606,-0.001036749355
0.000572821232,0.000548237275
0.001189595162,0.000497783543
0.000812955615,0.000658837882
0.000041296179,0.000003822138
0.000894316470,-0.000287987114
0.000457606406,-0.000522777096
0.000269413314,-0.000239758421
0.000026470362,-0.000010731991
-0.000861230257,0.001317014863
-0.000251728610,-0.001034566491
-0.000846988786,-0.000823243829
-0.000479073566,-0.001140677023
0.000160991629,0.000098149149
-0.000338288513,-0.000133932572
0.000280656171,0.000262511972
-0.000645702852,0.000352237202
-0.000206771734,0.000825559571
-0.001190852809,0.000986225833
0.000838981091,-0.000376840815
-0.000291894180,0.000428293126
-0.000279638556,0.000071505708
-0.000203697844,-0.000507451957
0.000558533304,0.000172797036
-0.001060169510,0.000503351579
0.000565980039,-0.000072885959
0.000299770579,0.000618039285
-0.000037394104,0.000038911288
0.000374295419,-0.000890054585
0.000027667947,-0.000597828781
-0.000466030173,0.000001339406
0.000453954770,-0.000518958834
0.000294589881,0.000320802251
-0.000412171302,-0.000092397021
-0.000225369348,-0.000761480073
-0.000142580494,0.000350337718
0.000190583349,-0.000655952301
-0.000484595122,0.000175312404
0.000294255923,-0.001179525904
0.000231021887,-0.000357602737
-0.000026487124,0.000243040149
0.000929576924,-0.000086918662
0.000002052449,-0.000128928373
-0.000132369695,0.000330296697
-0.000988873377,0.000110473084
0.000249510278,0.000262509307
0.000187058065,0.000112067033
-0.000963757478,0.000484226416
0.000274430964,0.000165551659
-0.000128417155,0.000374647517
-0.000012580097,-0.000164134376
-0.000185616152,-0.000627090494
-0.001061359986,0.000593161077
0.000190628121,-0.000374400544
-0.000233394878,-0.000373954224
0.000455563036,0.000473727577
-0.000701429362,0.000285701666
0.000445506725,0.000527587841
0.000476579046,-0.000754343449
0.000301908721,-0.000153930014
0.000325769332,-0.000303430212
-0.000272861859,-0.000909198441
-0.000521263616,-0.001046978043
-0.000159292943,-0.000977055838
0.001183498805,-0.000164427878
0.000565474515,0.000214012473
0.000529032982,0.000240586927
-0.000328268462,-0.000051677948
0.000395985260,0.000043585468
-0.000183519772,0.000603686587
-0.000581394255,-0.000752082058
-0.000252964259,-0.000510009526
0.000123405324,0.000041682638
-0.000553340490,-0.000477863728
0.001169872633,0.000465352919
-0.001174718847,0.000612286113
-0.000325535597,0.000018173511
0.000076558150,0.000831244964
-0.000405320836,-0.000252185131
-0.000530313577,0.001014834550
0.000622378876,-0.000546928381
-0.000146847025,-0.001127546163
0.000199755108,-0.000838101653
0.000775933769,-0.000195574753
0.000465977538,0.000248379115
0.000001831184,-0.000943575424
-0.001061687450,0.000586689516
0.000569383580,0.000809206596
0.000595235585,-0.000363045415
-0.000720972066,-0.001542951357
0.000821064590,0.000218173357
0.000576269008,-0.000483786620
0.000520106626,0.000173857952
0.000173646063,0.000413782796
-0.000487734648,-0.000324806380
0.000069098379,-0.000247018827
-0.000666649894,-0.000075736862
-0.000853534611,0.000015833856
-0.000083373967,-0.000611525634
0.000280074257,-0.000106565941
-0.000024576884,-0.000070474452
0.001420418268,0.000829255508
-0.000145336504,-0.000639615963
0.000334996388,-0.000479784098
0.000664593690,0.000151600000
0.000309518275,0.000407288012
0.000413393721,0.001113164033
0.000622611618,-0.000432303004
0.000059973056,-0.000202312675
-0.000266912164,-0.000753171448
0.000183314748,-0.001033155978
-0.000017368295,0.000396568163
0.000136039102,-0.000593815105
-0.000777692660,-0.000332370462
0.000271941539,0.000381692069
0.000188722841,-0.000826798573
-0.000835820733,-0.000763699406
0.000880425764,0.000075873376
0.000605528882,0.000074708310
0.000209236875,-0.000882665871
0.001241346413,-0.000272762842
0.000110164678,0.000177724978
-0.000157549975,-0.000274427576
0.000571803416,0.000610443502
-0.000508765457,-0.000270475107
-0.000563039894,-0.000064616978
0.000719139148,0.001689029923
0.000113800291,0.001041346745
0.000094063523,0.000283782291
0.000171161887,-0.000145073693
0.000517360308,0.000564959838
-0.000951422651,-0.001250298293
0.000096153070,-0.001652063058
0.000349188793,0.000197388631
-0.000384861231,0.001199327547
0.000253788052,0.000204041107
0.000586776921,0.000470824874
0.000785887531,-0.001304594043
-0.000311899891,0.000003581726
0.000030213717,0.000496575363
-0.000405343853,-0.000201105743
0.001519537522,-0.000297045943
0.000601576789,-0.000241092907
0.000345505532,-0.000442490460
0.001140608517,-0.000121700248
0.000831416020,-0.000008230845
-0.000353456442,-0.000271308334
-0.000197269463,0.000663623536
0.000208438523,-0.000493561271
-0.000290868967,0.000716377720
0.000214867574,0.001145250619
-0.000319886676,-0.000197151138
0.000665936686,0.000296278172
0.000661414097,-0.000761549672
-0.000420651303,0.000337392195
0.001609567006,0.001262624307
0.000480399083,0.000362039706
-0.000118801792,0.001148533277
-0.000256484639,-0.000066664645
0.000304225670,-0.000131958174
-0.000402291762,-0.000165296114
-0.000067366206,0.000472350423
0.000443402853,-0.000567378728
-0.000115339251,-0.000120553470
-0.001640837345,0.000389975451
0.000476919756,0.000891476792
-0.000609862037,0.000116307831
-0.001089826270,0.000238289208
-0.000544624606,0.000818928952
-0.000357720701,0.000914297777
0.000608839756,0.000342561248
0.000146332427,-0.000102688655
0.000306764103,0.000822105027
-0.000111748837,-0.000211213289
-0.000405361281,0.001223008408
-0.000527190566,-0.000362693475
0.000788778932,-0.000958999970
0.000706581188,0.000373286856
-0.000802640055,0.000690221355
-0.000259536973,-0.000349026332
-0.000093378444,0.000168991969
0.000223578430,-0.000803714329
-0.000429527968,0.000186961367
-0.000316699671,0.000726544109
-0.000762355186,-0.000569779793
-0.000490712864,0.000503323457
-0.000691817095,-0.000518321688
0.000477294754,0.000870473344
-0.000510651244,0.000666880606
-0.000373689527,0.000688266470
0.000251210951,-0.000398390449
-0.000463763753,0.000144466668
-0.000676323318,0.000352762104
0.000469314854,0.000133635063
0.000502429915,-0.001077678680
-0.000440422974,-0.000228004259
0.000178041749,0.000348910651
-0.000169365103,0.000485459715
-0.000505351730,0.000640966917
0.000228233888,0.000669483476
-0.000052738363,0.000735220924
-0.000542191681,-0.000752322306
0.000787216832,0.000607581858
0.000538450547,0.000250982470
0.000774758649,0.000447237399
-0.000893233499,-0.000462045625
0.000226849528,-0.000215125936
-0.000169824753,0.000545250987
-0.000240632995,-0.000225880241
0.000255192699,-0.001061507024
-0.000101960170,-0.000400676390
0.000185877652,-0.000089969522
-0.000741286738,0.000730208102
0.000087673953,-0.001047678577
0.000828633894,0.000825453951
-0.000685526483,-0.000425087821
-0.000768183793,-0.000435507772
0.000421452636,0.000091742957
0.000203019575,-0.000446258763
0.000056456720,-0.000188565765
0.000709696254,0.000208005182
-0.000981406623,-0.000056676436
-0.001073411737,-0.000008341498
0.000217943587,0.000115137817
0.000283769441,-0.000387217492
0.000021104518,0.000727679644
-0.001205484143,0.000400186120
0.000373848931,0.001042716086
0.000439699272,0.000212682617
-0.000136194718,-0.000337227400
-0.000139161050,-0.000257539767
-0.000165499687,-0.000729984452
-0.000150864764,0.000897997516
-0.000478130402,-0.001336540923
0.000112579118,-0.000781366705
-0.000696103309,0.000157258773
-0.000123404649,-0.000528966828
0.001119856164,-0.000353819439
0.000442091534,0.001327724890
-0.000868236523,0.000578605361
0.001092632464,-0.000211875451
-0.000540200678,0.000725486024
-0.000251248821,-0.000519988568
0.000453353892,0.000338238087
0.000743938902,0.000134177655
-0.000804268326,-0.000296119025
0.000708480712,0.000108739231
0.000083260880,-0.001039077641
-0.000259437363,0.000315412236
0.000502234377,0.000634897939
0.000171968997,-0.000122128969
-0.000448401705,0.000548458541
-0.000496443144,0.000648855824
-0.000170645397,-0.000107357368
-0.000342110574,-0.000722903997
-0.000092904984,0.000599494189
0.000248447717,0.000095035529
0.000380775893,-0.000726078540
0.000668845245,-0.001390416644
0.000017900066,0.000196320788
0.000636103417,0.000216573674
-0.000438763054,0.000293956642
0.000171134638,0.000133709813
0.000548012913,0.000055275418
0.000857766840,-0.000997251090
-0.000486771397,-0.000278382556
0.000350243916,0.000081006947
0.000497257906,-0.000263270727
-0.000367251048,0.000617477224
0.000323458931,-0.000286506170
0.000353463996,0.000414984428
0.001487359864,-0.000695210579
0.000200072361,0.000059803184
-0.000640558855,-0.000758877875
0.000632532813,0.000498161307
0.000681838585,0.000863228567
-0.000510835700,-0.000957027711
0.000101761321,0.000207568474
-0.000026366933,0.000781560915
-0.000187956421,0.000007091350
0.000103176583,0.000115939082
-0.000451374164,-0.000258842543
-0.000516113562,0.000711693765
-0.000385066877,-0.000928027573
0.000365267743,0.000858499593
0.000164813443,0.001014594561
-0.000040243983,0.000230552691
-0.000361275112,-0.001213317905
-0.000019265696,-0.000137058055
0.000402539144,0.000655415109
-0.000288673692,-0.000351871570
-0.000245405197,0.000183762510
0.000462512469,-0.000569349311
-0.000296256293,0.000520717640
-0.000161345575,-0.000404987309
0.000022294027,-0.000389113658
-0.000534450266,-0.000500196394
0.000832483911,0.001190960129
-0.000430620600,-0.000215274867
-0.001251893912,-0.000560032109
0.000704528577,-0.000218896546
-0.001009505813,-0.000204792638
0.000566666323,-0.000097684861
-0.000624485564,-0.000415030291
-0.000376790650,0.000298585362
-0.000311172216,-0.001118108388
-0.000018784672,0.001457426774
0.000102484993,0.000329295574
0.002106274913,-0.000115799759
-0.000108680501,-0.001187496953
0.000640077358,0.001104928832
-0.000235982759,0.000413994139
-0.000296099649,0.000184852574
0.000624105606,-0.001133097047
-0.001034964003,-0.000317156570
-0.000081974758,0.000023392016
-0.000374995231,0.000809429554
-0.000350804721,0.000244176193
0.000425534382,-0.000210010579
-0.000591992583,0.000631582072
0.000463902964,-0.000542124218
-0.000820892221,0.000427064824
0.000034890793,0.000957971028
0.000035350580,0.000247846185
-0.000264715902,0.000523892963
-0.000406218303,0.000225146043
-0.000430834328,-0.001050358187
-0.001429934730,-0.000027288894
0.000705680144,0.000907842165
0.001526890359,-0.000456597955
-0.000259077423,-0.000066273999
0.000602665700,-0.000455580900
0.000232214273,0.000899941055
-0.000613345546,0.000168205121
0.000275303144,-0.000448711294
-0.001540017470,0.000172368581
0.000973298020,0.000068603659
0.000652960669,0.000291784626
0.000523047243,-0.000210459248
-0.000322019911,0.000734142874
-0.000296368524,0.000845911562
-0.001127121576,-0.000743757595
-0.000983385003,0.000235814682
0.000423783895,-0.001040423217
0.000319520873,-0.000191235015
0.000220545119,-0.000291315534
0.000140340473,0.000295689113
0.000639292797,-0.000060028965
0.000790465433,-0.000644067251
-0.000081242498,-0.000324239348
-0.000288995962,0.000908415763
0.000301172951,-0.001134570484
0.000530383528,0.000064381336
-0.000849879259,0.000421461392
-0.000305710630,-0.000194728552
0.000444442040,0.000286133822
0.000123138999,-0.000060964046
-0.000255175912,0.000148760440
0.000984123280,-0.000698423493
-0.000151743676,-0.000309214182
-0.000732675836,-0.000656551396
-0.000123512019,0.000060395891
0.000001863638,0.000217520749
-0.000438333823,-0.000530977668
-0.000132319987,0.000895282515
0.000277672622,-0.000647117890
-0.000298046606,0.000262821233
0.000155887893,-0.000609169576
0.000390686704,0.000470764596
-0.000614822386,0.000804839071
-0.000315260290,0.000043877332
-0.000272259053,0.000466621853
0.000022731254,-0.000696343305
0.000809850204,0.000265891867
-0.000377597557,-0.000184698739
-0.000092838673,0.000232565348
-0.000257956205,0.000859585154
0.000739904612,-0.000983720152
-0.000808590022,0.000753902716
-0.000038484286,-0.001180071158
0.000009427480,0.000220707789
0.000382460577,-0.000248562719
-0.000123823391,0.000016627661
-0.000630874368,-0.000016691397
-0.000045912686,0.000391404160
-0.000147403150,-0.000825761090
0.000687765858,-0.000697991251
-0.000448502639,-0.000321494608
0.000337684089,-0.000161159991
0.000132735715,0.001335723135
0.000123470131,-0.000008601886
-0.000987214531,-0.000397654397
-0.000753807228,0.000164158016
0.000645607861,-0.001492930014
0.000050389611,-0.000276014814
0.000275768395,-0.000184040582
0.000096594246,0.000458211092
0.000093069045,0.000581417999
0.000844923890,0.000210120600
0.000238410097,-0.000493322465
0.000392912073,-0.000322957861
-0.000665428568,0.000364175059
0.001028866456,0.000263697198
0.000430184320,0.000789696215
-0.000416932265,0.000527365841
0.000109623700,-0.000660040016
-0.000165411453,-0.000378279111
0.000172395296,-0.000669239008
0.000193387524,-0.000105810305
0.000020536809,-0.000271190497
-0.000435201912,0.000524487029
-0.001033035113,-0.001123419869
-0.000032638242,0.000434398824
-0.000076254048,0.000899804935
-0.000499274788,-0.000671694434
-0.000254433449,0.000149249512
-0.000465087869,0.000202353964
0.000130494797,0.000209902952
0.000377977987,-0.000100789290
-0.000284687990,0.000004252874
0.000543933264,-0.000041947152
-0.000198456549,-0.001002291587
0.000132671710,0.000028180830
0.000315464267,-0.000005472903
-0.000064362398,-0.001064049320
0.000969148656,-0.000299128375
-0.000118312221,0.000921243356
0.001200178302,0.000688848887
0.000026496668,0.000520435127
-0.000841073428,-0.000064081550
0.000743619932,0.000550059845
0.000624388070,-0.000252508851
0.001204820151,-0.000512471107
-0.000284373402,0.000046445659
-0.000405903770,-0.000005865672
0.000562042544,0.000521277631
-0.000051108121,0.000145438388
-0.000342292088,-0.000810919063
-0.000552509572,0.000839034004
0.000308398400,-0.000529740765
-0.000663601489,-0.000187537668
-0.000961432667,-0.000368698509
-0.001112056629,-0.000571580306
-0.000399330832,-0.000298762482
0.000594486878,0.000215769610
0.000733127293,-0.000195110701
-0.000307760563,0.000089591816
-0.000215495647,-0.000872684016
0.000451911045,0.000634818183
0.000678153410,-0.000700353247
-0.001251808633,-0.000298668623
-0.000689058638,0.000207251705
-0.000365530676,-0.000306095424
-0.001454008361,-0.000583095502
0.000333525655,0.000119544679
-0.000726714756,0.000056209058
0.000673301624,0.000401382467
-0.000312165496,-0.000656093168
0.000028557348,-0.000496420856
-0.000524859026,-0.000053672855
0.000551317189,0.000624836172
-0.000486912458,0.000020842449
0.001182248232,-0.000435265223
-0.001156991675,-0.000525557929
-0.000792907772,0.000616080417
-0.000752140298,0.000327676662
0.000397644368,0.000761907551
-0.000278644476,0.000026992883
0.000067290238,-0.000021270863
0.000045694485,-0.000769005681
0.000295692978,-0.000546602538
0.000617238309,-0.000161990821
-0.000008601887,0.000195914198
0.000149667463,-0.000098979950
0.000158181567,0.000397612338
-0.000094572347,0.000982843156
-0.000143807809,-0.000136009019
-0.000313904034,0.000288155995
-0.000968316130,-0.000667391843
-0.000361659272,0.001388382922
0.000708423359,-0.000082861419
-0.000457301271,-0.001194632469
-0.000499825823,0.000171211842
0.000524371088,0.000622994854
0.000017275036,-0.000555802840
-0.000747370696,-0.000100109606
-0.000343256041,0.000501508413
0.000889511787,-0.000426554091
0.000047287435,0.000441263711
-0.000018461350,0.000287876371
0.000759981755,-0.000083171798
0.000623468739,0.000446739097
-0.000142620356,-0.000768472003
-0.000565297888,-0.000273889082
0.000004139660,-0.000373439916
0.000226120038,0.000022922077
-0.000311143760,0.000008407509
0.000060971059,0.000675807946
-0.000158897138,0.000366246960
0.001019452549,0.000702446860
-0.001238998578,-0.000042724597
0.000576520579,-0.000480119993
0.000265753436,-0.000384407063
-0.000191586927,0.000024693860
0.001120253340,0.000916952041
0.000707084499,0.001292455097
-0.000247309571,-0.000449855020
0.000055508566,-0.000070296950
0.000690879058,-0.000515791891
0.000124146711,0.000137163904
0.000317882773,-0.000081562945
0.000328211978,-0.000392908042
-0.000634434288,-0.000866262913
-0.000040975351,0.000354025642
0.000398172318,-0.000400048900
-0.000195914751,-0.000230173007
0.000462319304,-0.000005476015
0.000318133475,-0.000477654060
0.000238256241,-0.000240143652
0.000479056853,-0.000314600947
-0.000018185198,-0.000337270457
0.000952068423,0.000192787671
-0.000869209190,-0.000381741504
-0.000104069730,0.000861550815
-0.001255975892,-0.000421180775
-0.000166678110,-0.000138544672
-0.000030679263,-0.000946158725
-0.001237173717,-0.001049680231
0.000161975189,-0.000557776663
0.000426655328,0.000763764599
-0.000933415353,0.000158289393
-0.000812129198,-0.000882268920
-0.000720251496,-0.001217761269
-0.000280911944,0.000821850911
-0.000069520779,0.000701516310
0.000401459758,0.000323620559
0.000214136128,-0.000044161630
-0.000217805721,-0.000712807128
0.000135562914,-0.001005715007
-0.000118322252,0.000798067253
0.001072837598,-0.000227624637
-0.000255811557,-0.000494919666
0.000242041687,-0.000389184541
-0.000006686728,0.001672190984
-0.001888115871,-0.000145632920
0.000492487907,0.001225586475
0.000835195889,-0.000448376120
0.000510103695,-0.001395772854
-0.001203547221,0.001102756193
0.001217628768,0.000973103116
0.000047700369,0.000438115569
0.000411120237,0.001407533782
0.000723990311,0.000186780066
-0.000525829895,0.000535611146
-0.000349998087,-0.000914245575
0.000041895020,-0.000309601631
0.000484087554,-0.000860078842
0.000223605715,0.001089468108
-0.000531318419,-0.000460819187
-0.001105523271,0.000161053399
0.000743157062,-0.000172946325
-0.000189287274,0.000682079911
0.000756086033,-0.000410533110
-0.000941312186,-0.000363916320
-0.000833007899,-0.000584866123
-0.000570905199,0.000312133905
0.001064307740,-0.000506336695
-0.001224160750,-0.000359833259
-0.000267623952,-0.000697903799
0.000329027388,0.001337053125
0.000127463482,-0.000188984856
0.000048047416,0.000405267057
-0.000740352182,0.000368445824
-0.000044616369,0.000468959119
0.001692256684,-0.000578002588
0.000139713322,0.001101486602
-0.000104256575,0.001094371118
0.000012889624,-0.000195325845
-0.000311695696,-0.000600180652
-0.000203607951,-0.000631533233
-0.001462358155,-0.000290529879
0.000394754383,-0.000201244813
-0.001452167314,-0.000143150865
-0.000097837087,0.000265545586
-0.000109164185,0.000262958540
0.000672056621,0.000134877298
0.000281448628,0.000625199866
-0.001039216618,-0.000551558820
-0.000830033367,-0.000239211115
-0.000311784345,-0.000633312097
0.000464918417,0.000233118415
-0.000277796414,0.000544205657
0.000360046839,-0.000323303270
0.000262204196,-0.000935699321
0.000322139101,-0.000059588465
0.000025961582,0.000183388372
0.000907394846,-0.000141644826
0.000063121677,-0.000596725676
-0.000124046134,0.000151821473
-0.000359912113,0.000238763390
-0.000310160717,0.000537759284
0.000288566805,-0.001296216297
0.000277534738,0.001207514847
0.000862318064,-0.000044508699
0.000402650724,0.000631062449
0.000129924161,0.000651215223
-0.000270002260,0.000693458198
0.000715543857,0.001039220784
0.000751403362,0.000305836485
0.000415628996,0.000652937011
0.000246957325,-0.000478714706
0.000342618371,0.000118956207
0.000505437585,-0.000356375137
0.000649110499,0.001232213663
-0.000610057475,-0.000306359698
-0.000023494272,0.001021136840
-0.000907843749,0.000120140816
0.000181262832,0.000930514296
-0.001095064366,-0.000566200829
0.000390108793,-0.000538342492
0.000292315718,0.001260503789
0.000296060741,-0.000340892310
-0.000719227642,0.000247335214
0.001100309831,-0.000824356101
0.000629333742,-0.000716576460
0.000134675162,0.000692561377
-0.000279497617,0.000529224058
0.000082763006,-0.000174069621
-0.000438593448,-0.000865048514
-0.000307701033,0.000155222086
-0.000067249657,0.001141652386
0.000164053179,0.000820629312
-0.000220498750,0.000176802159
0.000519632915,0.000323435895
0.000362011184,-0.000052892892
0.000230718354,-0.000574258522
0.000680755917,-0.000030297784
0.000622294523,-0.000150770569
0.000501432777,0.000728796561
-0.000364693737,0.000473280125
0.000441789761,0.000158543595
0.000047266313,-0.000660332400
0.000185735967,0.000272525947
0.000191484432,0.001895401043
0.000189000607,-0.000189444754
-0.000583599262,-0.000306795494
0.000250651109,0.000312780188
-0.000149260424,-0.000311802170
0.000313409918,0.001188987115
0.000268139615,-0.000629364557
-0.001052421444,0.001547372424
0.000384680193,0.000489512332
-0.000061792512,-0.000071112443
-0.000379282042,-0.000352982106
-0.000261108074,-0.000454337338
0.000459706371,-0.000674231954
-0.000101508280,-0.000685656000
-0.000287489342,-0.000049427209
-0.001108487037,0.000464653961
-0.000475607291,0.000367529069
-0.000186458241,-0.000564308514
0.000127219991,0.000043158432
-0.000086133319,0.000447033236
-0.000889884386,-0.000435901413
0.000609161957,-0.000280647522
-0.000412793033,0.000268330012
-0.000019840853,-0.000610776653
-0.000052608676,0.001453200802
-0.000140361787,-0.000891708552
0.000064689637,-0.000142310230
-0.000182423516,-0.001041449766
-0.000577333858,-0.000284389714
0.000046181211,0.000305350890
0.000274170717,0.000617346759
-0.000441773511,-0.000254657825
0.000131218789,-0.000716054443
-0.000111374506,0.000174941470
-0.000241190584,-0.000161835261
0.001149122346,-0.000789022623
-0.000388905121,0.000310562944
-0.000065125822,-0.000528050814
-0.000579397288,-0.000667633935
-0.000545847254,0.000403732056
0.000478605474,0.000715929303
-0.000719430093,0.000600978107
-0.000176711034,0.001198461967
-0.000668037738,0.000067712930
-0.001474141090,-0.000887286127
-0.000563524507,-0.000222944929
0.000781221848,-0.000215474469
-0.000013430740,0.000953029162
0.000514164816,0.000891259594
0.000528922393,-0.000879444675
0.000563926033,-0.000434409551
0.000217069724,0.001068733839
0.000334793848,-0.000172291583
0.000265807161,-0.000387383378
-0.000792002294,0.000017156071
-0.000453863226,-0.000892410850
-0.000083329885,0.000482788338
-0.000378350201,0.000269082193
0.000268542361,0.000158386087
0.000134021964,-0.000241353586
0.000263255831,-0.000277717294
-0.000358686438,0.000371883761
-0.000284341608,-0.000618695105
-0.001220055119,-0.000280499372
-0.000125473754,-0.000313141417
-0.000327268802,0.000264621805
0.000536777452,-0.000244506405
-0.001703463637,-0.000874863687
-0.000007291267,-0.000274483702
-0.000345387883,-0.000315832870
-0.000094038204,-0.000703016197
0.000181416886,-0.000760732413
-0.000712019213,0.000104801168
0.001264309746,-0.000593487805
0.000539220622,-0.000507334742
-0.000288214612,-0.000318198671
0.000202912263,0.000158530870
-0.001555149894,0.000000180083
0.000182776766,-0.001619851654
-0.000148907087,0.000227978304
0.000161441946,0.000422840027
-0.000586551343,-0.000578565390
0.000071538100,-0.000653487291
-0.000477087846,0.000185314007
0.000513537617,-0.001031074842
0.000726368038,-0.000097420968
-0.001475318600,0.000333612827
-0.000506135494,0.000737230927
0.000502750535,-0.000430342771
0.000818042395,-0.000144007392
0.000324487722,0.000152876555
-0.000312370355,0.001046836432
0.000172152246,0.000310997413
-0.000949917838,-0.000290498896
-0.000196755785,0.000581502073
-0.000366013905,0.000375853786
-0.000401118411,-0.000444832297
0.000662460864,-0.001060523275
0.000331016841,0.000649947940
0.000068015021,0.000309369474
-0.000444531914,-0.000265995758
-0.000560790129,-0.000406048698
-0.000598827311,0.000631973159
0.000405744044,0.000027396789
-0.000323100793,-0.000609319892
-0.000298339007,0.000328446122
0.000752368922,-0.000876551964
0.000099458328,0.000495503166
0.000766354920,0.000149692923
-0.000575739309,-0.000287573926
0.000418668337,-0.000343240298
-0.000480294642,-0.000472646413
0.000540770693,-0.000455072068
0.000326387908,0.000512928959
-0.000200203750,0.000346947314
0.000051694239,0.001113856628
0.000905977745,0.001071740445
-0.000560489434,-0.000458856929
0.000209914424,-0.000727433186
0.000218286382,-0.000544475084
0.000925769399,-0.000333820623
0.000380956637,-0.000417633548
0.000381775349,0.000468652152
0.000175278985,-0.000011540619
-0.000095167698,-0.000737155479
-0.000610991759,-0.000711437172
-0.001169756066,0.000136015143
0.000300193687,-0.000130524970
-0.001696404895,-0.000275925006
0.000206450244,0.000767135934
0.000420835009,-0.000120162048
-0.000542196917,0.000443846918
0.000130397827,-0.000795909860
0.000731867581,0.000086674626
0.000409981138,-0.000284328448
-0.000226686684,-0.000205170911
-0.000452589497,0.000484591247
0.000364388524,-0.000553787604
0.000388311443,-0.000006719627
-0.000687085508,0.000419820755
0.000542986956,0.000010257147
-0.000328805577,0.000420346827
-0.001191223302,0.000417325840
-0.000094719605,-0.000411983439
0.000356117755,0.000834926234
0.000614201455,0.000127599445
-0.000518835915,0.000810941342
-0.000998936434,0.000379289422
0.000040554242,0.000342512684
-0.000060377762,0.000481791114
0.000068926029,-0.000132513164
-0.000544538290,0.000520823741
0.001132226160,-0.000838558187
-0.000768384501,0.000238108243
0.000294287997,0.000662781505
0.000060221347,0.001202445320
0.001106661138,-0.000615314683
-0.000101906936,-0.001106032912
-0.000237077668,-0.000416017777
-0.000154884223,0.000584544024
0.000240852006,0.000647103026
0.000706241629,0.000707278728
0.000475777713,0.000243266555
-0.000904947666,0.000155121871
0.000885585895,0.000933291083
0.000389919334,0.000495206086
0.000086848374,0.000556300706
-0.000057182544,0.000588980675
0.000276561163,0.000125227199
0.000548267374,-0.000335158576
0.000367268048,-0.000296988414
0.000155941552,0.000186849255
-0.000891896504,0.000093138974
-0.000044946466,0.000399041972
-0.000034196634,0.000275506057
-0.000563036394,0.000014250987
-0.000334214220,-0.000656790981
-0.000084517703,-0.000813488745
0.000617735261,0.000269015397
0.000858499851,-0.000214092601
-0.000588887125,-0.000806072196
0.000877467534,-0.000216117778
0.000825991513,-0.001110753798
0.000357177970,0.000668974224
-0.000083849105,-0.000002745787
-0.000321681924,0.000343848263
0.000494693384,0.001199274990
-0.000577660291,0.001558978088
-0.000468605296,-0.000719990373
-0.000253542311,-0.000069675895
-0.000098148339,-0.000108600081
0.000232996696,0.000325733849
-0.000613999136,0.000766956609
0.000251294996,-0.000107050547
0.000141740949,0.000577082783
-0.000275922119,0.000467861014
0.000780495862,0.000106172658
-0.000929891183,-0.000917495693
-0.000413453504,0.000635010555
0.000953242395,-0.001133742583
0.000172625498,0.001140746013
0.001204914200,-0.000583454456
0.000490618788,-0.000458502746
-0.000006568289,-0.000385056050
-0.000297712854,-0.000130032279
0.001103660490,0.000501181085
-0.000650699464,0.000032688162
0.001130460978,0.000511732032
-0.000608377919,-0.000318851478
-0.000000465035,-0.000745816714
-0.000418106470,-0.000190500501
0.000294153958,0.001149428682
0.000323670190,0.001115235265
0.000718990943,-0.000068759089
-0.000195898644,0.000217882227
0.000960959004,-0.000260275849
-0.000025078642,-0.000693545348
0.000642636442,-0.000827787107
0.000448654637,0.000556755963
-0.000226436371,-0.000424779562
0.000057666137,-0.000398750016
-0.000196488501,0.000466851724
0.000236800237,-0.000841960844
0.000121544982,-0.000319238723
0.000453615076,-0.000623511919
0.000172823395,-0.000044283599
-0.000223238117,-0.000447962687
-0.000204145333,0.000102033476
0.000804580752,0.000114568935
-0.000252043765,0.001054643096
0.000507110606,0.000972291059
-0.000118064685,0.000034433654
-0.000821021714,0.000043193881
-0.000769683423,-0.000685073812
-0.000116902771,0.000144629618
-0.000000657927,-0.000736328874
-0.000504779946,-0.000979296021
-0.000018663585,-0.000130868334
-0.000207135120,0.000316100638
0.000728209464,-0.000116315671
0.000106518967,0.000660159411
0.000212118345,-0.000114797298
-0.000232763980,0.000100398970
0.000105004074,0.000693566372
-0.000034858068,0.000608800842
-0.000265023428,-0.000133912236
0.000410611376,-0.000549215160
-0.000616988081,0.001325628018
0.000566499358,-0.001210841670
0.000172371100,-0.000412972661
-0.000637766553,0.000159288983
-0.001353172809,-0.000620331676
-0.000629158085,-0.000994386333
-0.000808941627,-0.000022248871
0.000593762834,-0.000194507397
0.000744613636,-0.000976187830
-0.000074523702,-0.000086069738
0.000387925909,-0.000442266834
-0.000786673306,-0.000153041989
-0.000012585938,-0.000569312539
-0.000202825314,0.000004578826
-0.000239243091,-0.000093463625
-0.000720397905,0.000525969361
0.000324057224,-0.000491288501
-0.000287813298,0.000633632586
-0.001392421874,0.000676210116
0.000133608417,0.000515343835
-0.000034258147,0.000055268618
-0.000613252203,0.000105823523
-0.000183234962,-0.000262174704
0.000233543467,0.000551572728
-0.000120965041,-0.000950978490
0.000888705807,-0.000442659801
-0.000223161268,0.000434140997
-0.000125218942,-0.000296733288
0.000094440181,0.000238424898
-0.000353307657,-0.000195650069
0.000390683106,-0.000165053205
0.000184875522,0.000372916753
0.000156963833,-0.000130429980
0.000779408009,-0.000365132218
-0.000058188121,-0.000578745847
-0.000081660737,-0.000071020676
0.000454556235,0.000123177386
-0.000075288786,-0.000686104065
0.000046394710,0.000564281101
0.000103884234,-0.000800526204
0.000678821462,-0.000085056533
-0.000169623379,0.000358850148
0.000081035534,-0.000663554245
-0.000216218231,-0.000595201110
0.001241943222,0.000053952465
0.000198626018,-0.000434174515
0.000453646115,-0.000336610509
-0.000097337435,0.000907047293
0.000299524274,-0.000565818542
-0.000028661920,-0.000448411333
-0.000129246243,0.000615843244
0.000244451522,0.001540218446
0.000790604686,0.000566712217
0.000257031176,0.000242616911
0.000499221404,0.000336017946
0.000509364527,-0.000388233992
0.000762809275,-0.000953109624
-0.000969304944,0.000231569900
-0.000600314001,0.000201669881
-0.000541471781,-0.001081514999
0.000624724465,-0.000366064257
0.000182549445,-0.001044528081
-0.000069601017,-0.000879088777
-0.000243670360,0.000703323449
-0.000638719774,-0.000788357534
0.000199393835,-0.000216060394
-0.000420916097,-0.000573638464
0.000281030047,0.000708908966
0.000100385635,0.000054860492
-0.000091462459,0.001355449169
-0.000008988630,0.000702980974
-0.000807780003,0.000613214638
-0.000990288622,0.000425741569
-0.000064929732,0.000659105418
-0.000183700322,-0.000691652779
0.001454328940,0.001184865050
-0.000503173101,0.000063544132
0.000001815720,-0.000136072836
0.000767902545,0.001517791673
0.000619967277,-0.000032688424
-0.000183318373,0.000270421732
0.000015605798,0.000851866483
0.000290154383,-0.000426358267
-0.000628071772,-0.000475744056
0.000709700609,0.001112670001
-0.000918922341,-0.000001767777
-0.000909673341,-0.000024572994
-0.000022619685,0.000107655687
-0.000442430962,-0.001141265437
0.000530695043,0.000468800238
0.001056565654,-0.000340745871
-0.000167291033,0.000236903611
-0.000427858799,0.000595389674
-0.000864711576,-0.000214156976
-0.000412453124,0.000476226839
0.000631494463,0.000360056763
-0.000098196284,0.000109709970
-0.000333580256,0.000325476965
-0.000036003060,-0.000011637365
-0.000347764991,0.000970523247
-0.000460983072,0.000250693901
-0.000455975539,0.000780674593
0.001094577869,0.000232457544
0.000221551460,-0.001572145264
-0.000610457305,0.000694851420
0.000514294205,-0.000024866343
0.001055891190,0.000318878633
-0.000214385996,0.000205454092
0.000310903723,0.000223563673
0.000208576802,-0.000108881848
0.000739019846,0.000324044859
-0.000530431165,-0.000180708466
0.000466265720,0.000918826980
-0.001298982109,-0.000456580890
0.000044879405,-0.000404959157
0.000524324036,0.000827210818
-0.000206009490,-0.000619599825
-0.000442730439,0.000345278524
-0.000464693541,-0.000401141097
-0.000925543158,-0.000221201631
0.001280718197,0.000513439385
-0.000104543514,-0.000055374055
0.000091320026,-0.000049339035
-0.000410024414,-0.000437888864
-0.000868630541,0.000277152045
0.000849840275,0.001154677143
0.000039086809,-0.000731582527
0.000624406118,-0.000782777122
0.000730995321,0.000448795931
-0.000009119516,-0.000611337621
0.000395501015,-0.001093296514
0.000559155704,-0.000359836826
0.000367633660,0.000364581971
-0.000697233852,0.000124607640
-0.000295211563,-0.000070340281
0.000080467362,-0.000747795579
-0.000950919400,-0.000651542434
-0.000083243189,-0.001154332496
-0.000057384272,-0.000027114836
0.000588251381,-0.000064617132
0.000254480722,0.000344599772
-0.000085762902,-0.000570708281
-0.000672518607,-0.000559150192
0.000730508654,0.000079052623
-0.000769559429,-0.000131758868
-0.000244242330,0.000645331453
-0.000508752981,-0.001716784696
0.000305672155,-0.000026718233
-0.000495942824,-0.000290098132
0.000308671874,-0.000232898447
-0.000065933423,0.000423241421
0.000018410467,-0.000478087566
0.000047076606,-0.000205635753
0.000815261088,-0.000261508568
-0.001023822855,0.000352275322
-0.000091805262,-0.000298156022
0.000015631156,-0.000741033075
0.000881878182,-0.000730476387
-0.000206825474,-0.001390739402
-0.000402559755,-0.000004636843
-0.000555588125,-0.000784903510
-0.000793342903,-0.000504649540
0.000259871663,-0.000387531012
0.000087675017,-0.000055244031
-0.000374551547,0.001317741411
0.000506997417,-0.000054499119
0.000474402602,-0.000428975563
-0.001166849601,-0.000774052667
-0.000558388623,0.000352310830
0.000258822952,0.000167863235
0.000397251205,-0.000098626094
0.000925780739,0.000642573542
-0.000979006199,-0.000049240189
0.000405087133,-0.000670911225
-0.000644503744,-0.000790139993
-0.000438921775,0.000420410854
-0.000143080327,0.000551769634
-0.000689537409,-0.000853954627
0.000595706802,0.000193631770
0.000036929175,-0.000234497834
-0.000607798850,0.000011067718
-0.000017679055,0.000259522912
-0.000062365546,0.000471553724
0.000714347219,0.000222129450
0.000886072166,-0.001080384238
0.000225014765,-0.000307012396
0.000171077083,-0.000377204653
-0.000921829385,-0.000056360480
-0.000226854020,-0.000740094088
0.000392971254,-0.000504263502
-0.000765477622,-0.000272678889
-0.000007537538,0.000052313186
0.000437739880,0.000572275269
0.000030321765,-0.000567840430
-0.000117682692,0.000589141359
-0.000654282344,0.000213983143
-0.000426677454,0.000057474707
0.000573741158,-0.000125896411
-0.000303260819,-0.000731386807
0.001009734863,-0.000782992391
0.000443904949,-0.000330294449
0.000030337308,0.000347583710
0.000163484092,0.000166382998
-0.000785524676,0.001369429264
0.000620075024,-0.000868370889
-0.000448556887,0.000968328780
0.001070335550,-0.000212210019
0.000623218246,-0.000262441467
0.000097885248,0.000308075715
-0.000262260512,0.000933881851
-0.000651592917,-0.000699854960
-0.000009003434,0.000265049608
0.000606246407,0.000509139979
-0.000434392888,0.000506605765
-0.001372314531,-0.000859548588
-0.001425391722,-0.001370131356
0.000329921210,-0.000301076976
-0.000302700875,-0.000566389828
0.000481548510,-0.000480030995
0.000339603181,0.000325325544
0.000238743950,0.000590327667
0.000159555930,0.001196785452
0.000071845587,-0.000394522727
-0.000179073390,-0.000559201774
0.000498160475,-0.000156308042
0.000367027399,0.000025573981
-0.001058777840,-0.000148357163
-0.001175663866,0.001174992853
0.000524641724,-0.000327346302
0.000081444692,0.000284103547
-0.001047294849,0.001334968956
0.000572674619,0.000257967184
-0.000643442967,-0.000211786049
0.000574341081,-0.001244752112
0.000818486833,0.000392485666
-0.000097697428,-0.000785095002
-0.000422293170,0.000411799356
-0.000122350521,0.000705832970
0.000717518350,-0.000195870438
-0.001390710334,-0.000264473280
-0.000381648207,-0.000191644850
0.000528458361,-0.000112945516
0.000579227747,0.000459486148
0.000163546250,-0.000221502369
0.000174573676,-0.000921525531
0.000120260935,0.000376075307
-0.000246340536,-0.000034896302
-0.000806188405,0.000065348598
0.000601431809,-0.000024884553
-0.000166642709,0.000227606647
-0.000444611326,0.000439023601
0.001064168157,-0.000671569709
0.001381123242,-0.000410066084
0.000045937584,-0.000219533597
