-0.937572,0.089709,-0.336022
0.078547,0.311017,-0.947153
-0.176249,0.282176,-0.943034
-0.749553,0.390652,-0.534379
0.778342,0.624238,0.067165
0.773123,0.466104,-0.430148
0.157191,0.530765,0.832814
0.345838,0.188602,-0.919144
-0.828163,0.560354,-0.012266
-0.594100,0.147123,-0.790822
-0.347347,0.081472,-0.934191
-0.135158,0.742788,-0.655743
-0.853643,0.423131,-0.303732
-0.987882,0.093151,-0.124143
0.917196,0.265201,-0.297356
-0.855553,0.445825,-0.263190
0.198087,0.549197,-0.811877
0.630286,0.128273,0.765693
0.418432,0.165413,-0.893058
0.232299,0.097911,-0.967704
0.802530,0.138023,-0.580427
-0.301598,0.150646,-0.941458
-0.237379,0.413332,0.879095
-0.478022,0.161466,-0.863379
-0.705911,0.194554,-0.681057
-0.834854,0.195705,-0.514508
0.327453,0.776957,-0.537691
-0.016582,0.306138,-0.951843
-0.426567,0.188741,-0.884544
0.685311,0.064732,-0.725368
0.976334,0.006379,-0.216172
-0.546014,0.000507,-0.837776
0.922908,0.179526,-0.340605
0.817684,0.226337,-0.529305
-0.387502,0.865227,-0.318157
0.554203,0.016837,-0.832211
0.974498,0.218456,0.051285
-0.738377,0.397203,-0.545005
0.426349,0.095771,-0.899474
-0.632864,0.333090,-0.698953
-0.078705,0.726232,-0.682929
0.656419,0.712555,0.247749
-0.870396,0.479738,-0.110737
0.751177,0.654556,-0.085377
-0.182189,0.983011,-0.022273
-0.031725,0.061231,-0.997619
0.970396,0.087664,0.225050
-0.759037,0.650678,-0.021925
0.593268,0.189550,-0.782371
-0.011073,0.125496,-0.992032
0.732891,0.088975,-0.674503
0.785665,0.318413,0.530418
0.910036,0.289162,0.297019
0.793187,0.392164,-0.465899
-0.485796,0.635715,0.599891
-0.042698,0.485654,0.873107
-0.798237,0.510505,-0.319692
0.626574,0.194785,0.754628
0.386943,0.547100,-0.742265
0.977686,0.148882,-0.148200
0.986287,0.083056,0.142617
0.609819,0.783822,0.117237
0.666213,0.420217,-0.616099
0.550590,0.090527,-0.829853
-0.227216,0.272826,0.934847
0.609836,0.438511,-0.660157
0.602438,0.579752,0.548594
-0.987857,0.124577,0.092841
0.566373,0.171964,0.806009
0.727782,0.100829,0.678356
0.085953,0.142720,0.986024
0.970519,0.153904,0.185490
-0.636810,0.383391,-0.668942
0.986270,0.164485,-0.014698
0.932067,0.196115,-0.304616
0.843528,0.195770,-0.500134
0.277155,0.813725,0.510917
0.839087,0.315353,0.443266
0.980271,0.191891,0.047407
0.278470,0.066719,0.958125
-0.343621,0.006636,0.939085
0.996411,0.000515,-0.084641
-0.188399,0.184243,0.964655
0.036942,0.231729,0.972079
0.383239,0.864634,-0.324862
0.441884,0.017343,0.896905
-0.589850,0.225718,0.775325
0.825830,0.398413,-0.399088
0.568119,0.099382,0.816924
0.898894,0.340147,-0.276206
0.618880,0.753476,0.221949
-0.600021,0.717185,0.354430
0.459584,0.461011,-0.759112
-0.360557,0.679993,0.638441
0.067167,0.973578,-0.218254
0.885493,0.062436,0.460438
-0.727150,0.089241,0.680654
0.333293,0.624765,-0.706105
0.375928,0.196672,0.905538
0.870203,0.128010,0.475772
0.205055,0.092609,0.974359
-0.864151,0.317704,0.390264
-0.733993,0.290973,0.613669
-0.044007,0.423701,0.904732
-0.293129,0.607275,-0.738439
-0.730532,0.465079,-0.500024
0.641458,0.506096,-0.576540
-0.972060,0.192470,0.134367
0.441904,0.573404,0.689875
-0.383930,0.151829,0.910794
-0.639256,0.083985,0.764394
-0.475508,0.797769,0.370752
0.187665,0.434366,0.880970
0.439052,0.097069,0.893203
-0.690322,0.262913,-0.674042
0.246721,0.466975,0.849154
-0.799847,0.571394,0.183721
0.359469,0.119185,-0.925515
-0.984257,0.169024,0.051662
-0.959849,0.100083,0.262055
-0.888357,0.138444,-0.437784
-0.669238,0.155494,0.726596
0.872792,0.390459,-0.292875
-0.508762,0.167600,0.844436
-0.226457,0.201420,0.952968
-0.008689,0.202571,0.979229
-0.604131,0.792763,-0.080948
-0.822529,0.315553,0.473152
-0.554032,0.194505,0.809454
-0.963514,0.065276,-0.259575
-0.633829,0.006259,-0.773448
-0.450835,0.000525,0.892607
-0.734736,0.178410,-0.654472
-0.854599,0.226558,-0.467261
0.004292,0.928469,0.371385
-0.995765,0.017052,-0.090338
-0.386684,0.209288,-0.898150
-0.087558,0.409422,0.908134
-0.993965,0.097752,0.049789
-0.267711,0.360463,0.893531
-0.540371,0.757891,0.365513
-0.056767,0.671120,-0.739172
0.413607,0.505997,0.756899
-0.391940,0.634847,-0.665847
0.115037,0.988736,0.095745
-0.853787,0.062483,0.516859
-0.244433,0.083671,-0.966049
0.427452,0.675213,0.601142
-0.968731,0.192159,-0.156955
-0.859138,0.128044,0.495467
-0.540635,0.075965,-0.837821
0.584844,0.312691,-0.748453
0.351075,0.272693,-0.895759
-0.411828,0.287837,-0.864608
0.410235,0.775792,0.479430
0.821259,0.569885,0.027654
-0.642150,0.529651,0.554178
0.781121,0.197695,-0.592256
-0.670166,0.456502,-0.585221
-0.041492,0.134929,-0.989986
0.226914,0.077293,-0.970843
-0.074397,0.625298,-0.776832
-0.505999,0.366899,-0.780609
-0.694427,0.070619,-0.716089
0.895231,0.318504,0.311635
-0.565789,0.344676,-0.749053
0.449896,0.560966,-0.694918
-0.367853,0.154303,0.916992
0.815008,0.177062,-0.551734
0.719206,0.100581,-0.687479
0.986947,0.159253,-0.023976
0.258663,0.143307,-0.955278
-0.911561,0.351591,0.213169
0.064323,0.148273,-0.986852
-0.194607,0.173387,-0.965435
-0.377964,0.169432,-0.910184
0.351802,0.827251,-0.438054
0.474784,0.302458,-0.826498
0.138549,0.177345,-0.974347
0.975104,0.071437,-0.209928
0.910487,0.008581,0.413449
0.012165,0.000481,-0.999926
0.934095,0.210231,0.288565
0.965744,0.251870,0.062453
-0.470041,0.577951,-0.667108
0.924944,0.018034,-0.379675
0.645593,0.335769,0.685907
-0.293194,0.352842,-0.888561
0.832989,0.102317,-0.543747
-0.251461,0.261586,-0.931848
0.131405,0.680460,-0.720907
-0.066196,0.918229,0.390480
-0.667933,0.331523,-0.666302
0.402010,0.889411,0.217568
-0.377257,0.861883,-0.338874
0.543604,0.060820,-0.837136
0.485627,0.125436,0.865120
-0.665400,0.465507,-0.583563
0.914615,0.209678,-0.345709
0.555747,0.124968,-0.821905
0.993714,0.077165,-0.081104
0.351109,0.320915,0.879623
0.602554,0.281352,0.746840
0.954239,0.298632,0.015698
-0.645554,0.762028,0.050733
-0.478812,0.583649,0.655814
-0.180101,0.505055,-0.844087
0.108511,0.204011,0.972936
0.824463,0.459672,-0.330094
0.884946,0.138261,0.444696
0.733057,0.079483,0.675507
0.702684,0.664240,0.254991
0.925021,0.371921,-0.077523
0.953447,0.071557,-0.292948
-0.746758,0.320861,0.582581
0.921361,0.351295,-0.166387
0.362954,0.593988,0.717944
-0.601813,0.141340,-0.786031
0.051418,0.183787,0.981620
0.226913,0.103668,0.968382
-0.504423,0.162675,0.847994
0.703243,0.147642,0.695450
0.222823,0.335042,-0.915476
0.830428,0.152873,0.535742
0.939432,0.177580,0.293143
0.979831,0.172909,0.100168
0.170901,0.863357,0.474771
0.476722,0.313078,0.821412
0.780533,0.182063,0.598014
-0.330121,0.073074,0.941106
-0.857295,0.008620,0.514753
0.867768,0.000494,0.496970
-0.742871,0.211911,0.635009
-0.558929,0.255054,0.789015
0.781451,0.597834,-0.178688
-0.153234,0.018492,0.988017
-0.940236,0.323103,0.107519
0.918105,0.359838,0.166130
0.036063,0.105984,0.993714
0.940799,0.273399,0.200375
0.550270,0.711184,0.437517
-0.353090,0.867226,-0.351065
0.887988,0.336639,-0.313291
-0.448432,0.884065,0.131669
0.447043,0.866260,-0.223040
0.452056,0.062229,0.889816
-0.988614,0.119124,-0.091935
0.809453,0.470229,-0.351668
-0.184177,0.216339,0.958789
0.432253,0.127879,0.892639
-0.453550,0.078730,0.887747
-0.935733,0.315652,-0.157374
-0.953300,0.278006,0.118032
-0.544091,0.308337,0.780316
0.235807,0.740700,-0.629094
-0.343322,0.553103,-0.759083
0.821757,0.523746,0.224510
-0.889495,0.198414,-0.411619
-0.154580,0.474834,0.866393
-0.843495,0.138436,0.518992
-0.959765,0.078937,0.269481
-0.628792,0.669712,0.395103
-0.419352,0.378471,0.825169
-0.259772,0.074416,0.962798
-0.148805,0.307839,-0.939730
-0.356462,0.363275,0.860794
-0.811874,0.574555,-0.103663
0.967116,0.145609,-0.208531
-0.866330,0.177427,-0.466896
-0.945887,0.101280,-0.308285
-0.483167,0.156034,-0.861512
-0.961650,0.146411,0.231933
0.689886,0.357897,0.629259
-0.894664,0.152518,0.419897
-0.745046,0.178762,0.642613
-0.602272,0.175285,0.778809
-0.522395,0.838224,-0.156472
-0.951081,0.307550,-0.029286
-0.918957,0.181311,0.350205
-0.645345,0.070667,-0.760616
-0.053579,0.008048,-0.998531
-0.879918,0.000494,0.475125
-0.191540,0.204286,-0.959989
-0.407110,0.247802,-0.879122
-0.313881,0.635582,0.705347
-0.771876,0.017950,-0.635520
0.298224,0.302064,-0.905439
-0.625174,0.363370,0.690739
-0.868990,0.102457,-0.484106
-0.690455,0.278428,0.667645
-0.681354,0.704715,0.197824
0.419026,0.874358,-0.244775
-0.221164,0.354962,0.908344
0.046607,0.843668,-0.534838
-0.069887,0.892003,0.446594
-0.995466,0.061440,-0.072607
0.506159,0.114322,-0.854829
-0.144716,0.495618,0.856400
-0.730756,0.208153,-0.650129
-0.987808,0.126201,-0.091151
-0.586692,0.069148,-0.806853
0.547043,0.335924,-0.766745
0.274557,0.284924,-0.918388
-0.575616,0.245448,-0.780014
0.033925,0.848429,0.528222
0.664451,0.742621,0.083776
-0.800059,0.441480,0.406203
0.750952,0.224769,-0.620926
-0.728784,0.394873,-0.559419
-0.104440,0.132998,-0.985598
0.164229,0.079067,-0.983248
-0.417406,0.554446,-0.719973
-0.555197,0.337763,-0.760048
-0.749535,0.059562,-0.659279
0.804091,0.394749,0.444535
-0.659300,0.295739,-0.691275
0.199785,0.621647,-0.757390
-0.705869,0.125471,0.697141
0.775465,0.208683,-0.595907
0.689148,0.111805,-0.715943
0.979416,0.197810,0.040203
0.187840,0.147382,-0.971079
-0.959727,0.265128,0.092902
-0.024418,0.147956,-0.988692
-0.265363,0.166733,-0.949622
-0.440556,0.158234,-0.883670
0.012591,0.883692,-0.467900
0.392709,0.324475,-0.860520
0.075603,0.179117,-0.980919
0.980252,0.084639,-0.178722
0.746152,0.012993,0.665648
-0.061292,0.000494,-0.998120
0.875029,0.254140,0.411991
0.946367,0.291211,0.139952
-0.714258,0.432053,-0.550605
0.927366,0.021019,-0.373565
0.043163,0.437190,0.898333
-0.358144,0.335075,-0.871469
0.804883,0.120057,-0.581162
-0.437529,0.234407,-0.868114
-0.116526,0.676800,-0.726886
-0.600433,0.750072,0.277258
-0.765059,0.264401,-0.587177
-0.203700,0.954040,0.219806
-0.594998,0.732429,-0.330945
0.523983,0.064352,-0.849294
-0.038417,0.143575,0.988894
-0.768863,0.370912,-0.520840
0.900057,0.253548,-0.354417
0.535318,0.132413,-0.834207
0.988479,0.070030,-0.134180
0.386443,0.345397,0.855198
0.661992,0.294188,0.689362
0.954095,0.250857,-0.163626
-0.495881,0.817310,-0.293439
-0.456258,0.756834,0.468007
0.022375,0.425259,-0.904795
0.147985,0.233055,0.961138
0.832199,0.396463,-0.387636
0.912231,0.136091,0.386411
0.775994,0.081306,0.625477
0.815748,0.573061,-0.078470
0.931024,0.341576,-0.128533
0.930666,0.060029,-0.360911
-0.815875,0.394461,0.422785
0.915331,0.299236,-0.269492
0.548882,0.658385,0.515031
-0.269192,0.116934,-0.955961
0.108653,0.218286,0.969817
0.267034,0.115668,0.956720
-0.563503,0.202406,0.800935
0.753468,0.151858,0.639707
0.359521,0.256754,-0.897119
0.876442,0.152300,0.456786
0.959862,0.170337,0.222825
0.986399,0.160977,0.033207
0.368218,0.912731,0.177023
0.549496,0.336563,0.764709
0.818116,0.183787,0.544893
-0.364678,0.086845,0.927075
-0.978755,0.012607,0.204644
0.902706,0.000507,0.430258
-0.820750,0.254838,0.511299
-0.618926,0.294647,0.728089
0.796403,0.434927,-0.420215
-0.163030,0.021634,0.986384
-0.781584,0.389182,-0.487508
0.934643,0.340880,0.101210
0.081270,0.125240,0.988792
0.970359,0.241624,0.004718
0.679655,0.701399,0.214728
0.003683,0.704347,-0.709847
0.866824,0.265905,-0.421794
-0.147843,0.911761,-0.383189
0.550907,0.730458,-0.403649
0.472838,0.065930,0.878679
-0.812457,0.130602,-0.568206
0.807972,0.371726,-0.457166
-0.174451,0.263322,0.948804
0.453541,0.135684,0.880846
-0.402159,0.071425,0.912779
-0.933225,0.339687,-0.117060
-0.936246,0.291316,0.196415
-0.379651,0.260359,0.887738
0.462028,0.815242,-0.349157
-0.208884,0.715633,-0.666510
0.777735,0.441994,0.446955
-0.898702,0.226033,-0.375823
-0.103570,0.408656,0.906793
-0.807888,0.136518,0.573306
-0.940061,0.080892,0.331272
-0.399959,0.596369,0.695972
-0.376103,0.347624,0.858897
-0.181521,0.062178,0.981419
0.011823,0.377036,-0.926123
-0.256572,0.309286,0.915704
-0.747919,0.647515,0.146090
0.973552,0.122802,0.192657
-0.883842,0.209752,-0.418124
-0.955855,0.112819,-0.271316
-0.416856,0.192341,-0.888390
-0.941102,0.150910,0.302577
0.601186,0.270852,0.751808
-0.852057,0.152434,0.500763
-0.694764,0.171821,0.698413
-0.546218,0.163374,0.821556
-0.380790,0.911693,0.154322
-0.941742,0.331254,0.058243
-0.893649,0.183368,0.409595
-0.616110,0.083457,-0.783226
0.235900,0.011674,-0.971707
-0.841482,0.000508,0.540285
-0.054414,0.244636,-0.968087
-0.327784,0.285229,-0.900668
-0.082691,0.464687,0.881605
-0.764571,0.020899,-0.644201
0.739205,0.387110,-0.551109
-0.576769,0.344751,0.740597
-0.885965,0.120489,-0.447827
-0.534059,0.248463,0.808114
-0.563418,0.707076,0.427322
0.596774,0.750403,0.284176
-0.102123,0.278764,0.954914
0.351276,0.935082,-0.047182
0.044180,0.759522,0.648979
-0.996603,0.065077,-0.050478
0.850433,0.131069,-0.509495
-0.039239,0.389776,0.920073
-0.726038,0.251455,-0.640031
-0.988641,0.133864,-0.068331
-0.671690,0.063126,-0.738138
0.441760,0.359971,-0.821747
0.122544,0.293949,-0.947933
-0.720612,0.207858,-0.661448
-0.321384,0.804026,0.500254
0.337574,0.935369,0.105496
-0.864595,0.370052,0.339908
0.654109,0.257426,-0.711248
-0.799891,0.345778,-0.490523
-0.230602,0.129981,-0.964328
0.028632,0.079987,-0.996385
-0.667035,0.454224,-0.590547
-0.641081,0.311433,-0.701444
-0.821669,0.051145,-0.567666
0.666643,0.494766,0.557489
-0.759204,0.255729,-0.598507
-0.150054,0.627024,-0.764412
-0.831148,0.098568,0.547245
0.656846,0.249154,-0.711671
0.590055,0.124476,-0.797709
0.964533,0.258583,0.053014
0.043188,0.149775,-0.987776
-0.974551,0.211751,0.073568
-0.178026,0.145483,-0.973212
-0.389816,0.159091,-0.907047
-0.547488,0.147330,-0.823742
-0.354385,0.826210,-0.437936
0.229258,0.343309,-0.910813
-0.056626,0.179203,-0.982181
0.970539,0.103220,-0.217714
0.286749,0.018514,0.957827
-0.199539,0.000357,-0.979890
0.802466,0.313068,0.507973
0.924902,0.342499,0.165077
-0.845618,0.329148,-0.420229
0.897165,0.024717,-0.441004
-0.564062,0.361453,0.742419
-0.469605,0.316641,-0.824142
0.707123,0.142963,-0.692488
-0.617756,0.204757,-0.759245
-0.382499,0.629366,-0.676457
-0.813899,0.545163,0.200915
-0.848563,0.216940,-0.482574
-0.640062,0.748830,0.171973
-0.741253,0.611457,-0.276883
0.436934,0.067852,-0.896931
-0.486411,0.125535,0.864665
-0.851492,0.303835,-0.427370
0.838613,0.317015,-0.442978
0.448119,0.140056,-0.882935
0.968653,0.063668,-0.240119
0.489370,0.370811,0.789314
0.765686,0.303255,0.567240
0.916599,0.209852,-0.340307
-0.296762,0.767766,-0.567863
-0.315005,0.937741,0.146336
0.113453,0.358966,-0.926430
0.278232,0.268743,0.922152
0.807439,0.345867,-0.477932
0.955494,0.132621,0.263520
0.856002,0.082137,0.510405
0.817995,0.458859,-0.346890
0.921071,0.313842,-0.230504
0.885359,0.051266,-0.462072
-0.841533,0.488095,0.231487
0.881724,0.256977,-0.395633
0.730128,0.655024,0.194565
-0.083762,0.093560,-0.992084
0.273738,0.263665,0.924959
0.391389,0.129404,0.911081
-0.578580,0.266013,0.771027
0.841389,0.154099,0.517995
0.391102,0.206490,-0.896884
0.938549,0.149209,0.311227
0.982528,0.161879,0.091838
0.984774,0.149228,-0.089174
0.523583,0.837065,-0.158693
0.678629,0.356280,0.642283
0.885344,0.183519,0.427184
-0.331957,0.106670,0.937244
-0.941567,0.016476,-0.336422
0.954693,0.000366,0.297593
-0.867424,0.311798,0.387760
-0.633561,0.346752,0.691638
0.749635,0.327199,-0.575315
-0.091446,0.025627,0.995480
-0.379803,0.322410,-0.867065
0.946906,0.320916,-0.019538
0.230796,0.150808,0.961244
0.956796,0.208220,-0.202945
0.764116,0.643473,-0.045489
0.183040,0.519420,-0.834685
0.817119,0.216627,-0.534219
0.113166,0.711311,-0.693707
0.579131,0.606426,-0.544844
0.559743,0.069608,0.825738
-0.505443,0.114414,-0.855241
0.768926,0.302681,-0.563149
-0.070261,0.333440,0.940150
0.541493,0.143719,0.828330
-0.297220,0.064986,0.952595
-0.930823,0.365468,0.001105
-0.888072,0.301882,0.346692
-0.196502,0.218097,0.955940
0.617653,0.785573,-0.037157
-0.022610,0.905125,-0.424544
0.751334,0.371881,0.545163
-0.931811,0.260555,-0.252663
-0.007557,0.355994,0.934458
-0.725085,0.133519,0.675592
-0.884604,0.082063,0.459066
-0.151605,0.482576,0.862633
-0.280188,0.319729,0.905134
-0.063795,0.052971,0.996556
0.175656,0.466272,-0.867026
-0.122732,0.265448,0.956281
-0.580667,0.663356,0.472001
0.914581,0.098052,0.392335
-0.929685,0.253009,-0.267715
-0.980919,0.126328,-0.147784
-0.387466,0.249164,-0.887574
-0.884524,0.153873,0.440386
0.584122,0.215679,0.782486
-0.760745,0.150153,0.631444
-0.593021,0.163851,0.788339
-0.437608,0.151787,0.886262
-0.169506,0.862317,0.477156
-0.907524,0.352773,0.227928
-0.828772,0.183834,0.528529
-0.639332,0.101633,-0.762184
0.661283,0.015874,-0.749969
-0.755359,0.000368,0.655311
0.065191,0.297978,-0.952344
-0.291764,0.334085,-0.896248
0.096385,0.346654,0.933028
-0.805907,0.024624,-0.591530
0.939324,0.343000,0.004668
-0.477566,0.325416,0.816109
-0.937201,0.144706,-0.317356
-0.339860,0.215360,0.915486
-0.382237,0.659330,0.647440
0.631780,0.553924,0.542238
0.031522,0.225959,0.973627
0.527498,0.758277,0.383094
0.162421,0.631290,0.758349
-0.996436,0.068810,0.048798
0.988682,0.119228,-0.091069
0.082758,0.315759,0.945223
-0.768624,0.315706,-0.556370
-0.989366,0.142001,0.031485
-0.687535,0.057625,-0.723861
0.373927,0.381170,-0.845511
0.027560,0.296003,-0.954789
-0.767568,0.176105,-0.616300
-0.611020,0.690464,0.387186
-0.181232,0.978548,0.097976
-0.921927,0.315500,0.224745
0.563939,0.293309,-0.771973
-0.815791,0.304768,-0.491529
-0.280539,0.125307,-0.951628
-0.039460,0.079580,-0.996047
-0.764685,0.365481,-0.530736
-0.661322,0.286229,-0.693344
-0.831595,0.044488,-0.553598
0.347323,0.609080,0.713014
-0.785898,0.222136,-0.577079
-0.404835,0.564879,-0.719041
-0.923125,0.079474,0.376197
0.513048,0.294456,-0.806274
0.514410,0.137508,-0.846448
0.917781,0.370837,0.141980
-0.035757,0.149124,-0.988172
-0.984392,0.175759,-0.009002
-0.253842,0.140064,-0.957051
-0.435268,0.149936,-0.887728
-0.578259,0.136209,-0.804403
-0.584257,0.698733,-0.412815
0.108258,0.352468,-0.929541
-0.118290,0.176359,-0.977192
0.968624,0.132290,-0.210397
-0.529014,0.017204,0.848439
-0.260316,0.000394,-0.965523
0.613059,0.393974,0.684794
0.871715,0.413868,0.262347
-0.881127,0.259746,-0.395154
0.880472,0.029988,-0.473149
-0.851462,0.252671,0.459532
-0.507198,0.296342,-0.809278
0.596190,0.170397,-0.784552
-0.687888,0.176287,-0.704083
-0.536995,0.554551,-0.635696
-0.907708,0.410490,0.086976
-0.865597,0.181643,-0.466634
-0.832464,0.549970,0.067352
-0.808546,0.511996,-0.290023
0.400202,0.071125,-0.913663
-0.779361,0.097736,0.618905
-0.871089,0.254080,-0.420294
0.748670,0.410136,-0.520847
0.409610,0.147110,-0.900321
0.964247,0.058046,-0.258569
0.545262,0.393157,0.740349
0.819587,0.304964,0.485051
0.901102,0.177081,-0.395800
-0.060036,0.661809,-0.747265
-0.049501,0.953838,-0.296213
0.242677,0.308167,-0.919859
0.379420,0.308213,0.872379
0.818193,0.304790,-0.487507
0.968583,0.127631,0.213441
0.889657,0.081618,0.449276
0.815913,0.366500,-0.447174
0.924377,0.288142,-0.250004
0.879945,0.044558,-0.472982
-0.801701,0.583680,-0.128813
0.877712,0.222843,-0.424220
0.812624,0.580470,-0.051928
0.107561,0.076539,-0.991248
0.435838,0.315171,0.843038
0.474547,0.143574,0.868442
-0.649512,0.381747,0.657574
0.881145,0.153206,0.447338
0.472533,0.172549,-0.864257
0.961115,0.143264,0.236077
0.987392,0.152238,0.043377
0.982712,0.137708,-0.123750
0.617418,0.700230,-0.358431
0.756945,0.365426,0.541755
0.911430,0.180350,0.369824
-0.347650,0.137904,0.927428
-0.474339,0.014870,-0.880216
0.971543,0.000402,0.236863
-0.915107,0.384733,0.120661
-0.694000,0.417671,0.586443
0.752237,0.258102,-0.606236
-0.059202,0.031369,0.997753
-0.016328,0.234845,-0.971896
0.952206,0.299829,-0.058360
0.372446,0.181979,0.910037
0.941879,0.178206,-0.284793
0.803687,0.562133,-0.195178
0.336395,0.397047,-0.853927
0.815323,0.181290,-0.549893
0.307925,0.529638,-0.790358
0.628408,0.508063,-0.589047
0.593498,0.073048,0.801514
-0.172186,0.091266,-0.980828
0.776616,0.253151,-0.576873
0.039020,0.438816,0.897729
0.576725,0.151138,0.802836
-0.276914,0.059162,0.959072
-0.918868,0.388055,0.071382
-0.847110,0.304651,0.435422
-0.133795,0.183268,0.973916
0.670903,0.687642,0.277558
0.230694,0.972975,0.009960
0.679539,0.318341,0.660973
-0.942535,0.298866,-0.149355
-0.002404,0.312772,0.949825
-0.688253,0.128642,0.713974
-0.850238,0.081719,0.520017
-0.051387,0.383591,0.922072
-0.263218,0.293246,0.919088
-0.048409,0.045851,0.997775
0.455835,0.567464,-0.685710
-0.091937,0.229390,0.968983
-0.408795,0.598295,0.689152
0.815840,0.079905,0.572730
-0.947269,0.303105,-0.103963
-0.988270,0.140255,-0.060418
-0.270555,0.349796,-0.896907
-0.845431,0.153391,0.511583
0.512357,0.179005,0.839909
-0.707552,0.144505,0.691729
-0.552409,0.154182,0.819190
-0.404720,0.140003,0.903660
-0.033244,0.729532,0.683138
-0.865011,0.363672,0.345686
-0.793246,0.180984,0.581382
-0.622230,0.129604,-0.772031
0.995418,0.015889,-0.094293
-0.711465,0.000406,0.702721
0.303401,0.368894,-0.878559
-0.178102,0.400526,-0.898810
0.129238,0.270506,0.954004
-0.821450,0.029900,-0.569496
0.867649,0.252270,0.428422
-0.445242,0.304064,0.842202
-0.967184,0.174410,-0.184762
-0.254485,0.183977,0.949416
-0.267184,0.579112,0.770223
0.572296,0.419561,0.704589
0.050361,0.187888,0.980899
0.525706,0.563903,0.636904
0.180413,0.527006,0.830491
-0.993443,0.072242,0.088614
0.950497,0.096392,0.295405
0.094631,0.262421,0.960302
-0.787456,0.411346,-0.459029
-0.986072,0.149399,0.073094
-0.136660,0.052622,-0.989219
0.747489,0.402827,-0.528196
0.506624,0.294226,-0.810409
-0.292785,0.150525,-0.944256
-0.787487,0.560454,-0.256429
-0.517209,0.791193,-0.326357
-0.841192,0.269987,-0.468512
0.838521,0.335037,-0.429688
-0.367480,0.270162,-0.889928
0.294279,0.120191,-0.948132
0.500516,0.078564,-0.862155
-0.366731,0.297717,-0.881404
-0.133965,0.263211,-0.955392
-0.346584,0.038942,-0.937210
-0.583799,0.638637,0.501320
-0.309785,0.194306,-0.930741
-0.086131,0.480270,-0.872881
-0.920625,0.064565,-0.385072
0.748589,0.340078,-0.569176
0.860944,0.152223,-0.485390
0.375764,0.632771,0.677054
0.489147,0.147041,-0.859718
-0.745362,0.148280,-0.649960
0.295657,0.133562,-0.945911
0.135212,0.140743,-0.980770
-0.015660,0.125774,-0.991935
-0.352453,0.570867,-0.741544
0.532769,0.354662,-0.768357
0.430942,0.172433,-0.885752
0.898570,0.189617,0.395750
-0.991582,0.010635,-0.129045
0.308720,0.000358,-0.951153
-0.330847,0.472438,0.816910
0.371869,0.519490,0.769314
-0.492980,0.210904,-0.844092
0.996903,0.038625,0.068502
-0.918405,0.178885,-0.352891
0.040392,0.276652,-0.960121
0.848634,0.203128,-0.488425
-0.197777,0.152076,-0.968379
-0.166307,0.478794,-0.862032
-0.762780,0.318916,-0.562547
-0.428566,0.154435,-0.890214
-0.725635,0.411646,-0.551364
-0.500416,0.431895,-0.750367
0.838839,0.074801,-0.539217
-0.973904,0.073629,-0.214685
-0.457646,0.215748,-0.862562
0.804091,0.554288,-0.214946
0.836848,0.155037,-0.525023
0.930633,0.053651,0.362000
0.068084,0.414869,0.907330
0.445907,0.304376,0.841738
0.969290,0.154254,0.191527
0.583026,0.554620,-0.593698
0.494522,0.789626,-0.363232
0.810286,0.269738,-0.520267
-0.079912,0.350992,0.932962
0.955873,0.274505,0.104663
0.677991,0.123269,0.724660
0.496233,0.080937,0.864409
0.948302,0.305680,0.085345
0.898608,0.268005,0.347385
0.988514,0.039672,0.145830
-0.177292,0.596179,-0.783031
0.964651,0.198268,0.173601
0.802510,0.500671,0.324509
0.769780,0.064197,-0.635072
0.084503,0.365030,0.927153
-0.035144,0.158547,0.986726
-0.796095,0.587080,-0.146867
0.499780,0.151775,0.852751
0.924903,0.149102,-0.349747
0.676056,0.137646,0.723880
0.787547,0.144203,0.599145
0.872967,0.128542,0.470538
0.810745,0.585106,0.018519
0.393406,0.368993,0.842067
0.552799,0.177251,0.814245
-0.841718,0.190677,0.505127
0.535123,0.010204,-0.844712
0.673799,0.000368,0.738914
-0.543832,0.437664,-0.716028
-0.856438,0.503810,-0.112649
0.975687,0.215117,-0.041938
-0.608321,0.039726,0.792696
0.724096,0.176788,-0.666656
0.816074,0.282616,0.504134
-0.043006,0.217245,0.975169
0.944752,0.156411,0.288060
0.831539,0.493299,0.255342
0.847998,0.320172,-0.422361
0.986502,0.157352,0.045320
0.815765,0.413687,-0.404217
0.894174,0.438185,-0.091906
0.034441,0.076693,0.996460
0.632226,0.072271,-0.771406
0.975590,0.219531,0.005521
-0.287548,0.589604,0.754774
0.022549,0.158982,0.987024
-0.794067,0.053839,0.605442
-0.815494,0.403767,-0.414658
-0.952124,0.298764,-0.064814
-0.676906,0.156019,0.719344
0.204868,0.578935,0.789217
0.022762,0.829691,0.557759
0.030936,0.276950,0.960386
-0.758876,0.333558,-0.559327
-0.588632,0.277402,0.759316
-0.972071,0.122296,0.200304
-0.996418,0.079701,-0.028253
-0.582249,0.311286,0.751058
-0.764722,0.268890,0.585575
-0.642221,0.040096,0.765470
0.760079,0.627380,0.169335
-0.655161,0.200289,0.728456
-0.716647,0.503430,0.482675
0.151096,0.066619,0.986272
-0.832563,0.342235,-0.435562
-0.825887,0.151981,-0.542967
0.425010,0.557619,-0.713041
-0.988554,0.149340,-0.021401
-0.179730,0.152776,0.971780
-0.971428,0.136337,0.194266
-0.922655,0.143669,0.357865
-0.857318,0.128595,0.498466
-0.458911,0.597355,0.657698
-0.925648,0.360405,-0.115258
-0.983464,0.175058,0.046397
-0.057357,0.176761,-0.982581
0.460128,0.011280,0.887781
-0.982273,0.000364,0.187458
0.872926,0.449296,-0.190086
0.485408,0.493256,-0.721857
-0.483343,0.219887,0.847366
-0.390182,0.037172,-0.919987
0.195133,0.187953,0.962599
-0.856439,0.282320,0.432213
-0.805907,0.202496,-0.556336
-0.747290,0.157666,0.645523
-0.665527,0.497284,0.556581
-0.085413,0.332628,0.939182
-0.558361,0.159791,0.814064
-0.090402,0.432181,0.897244
-0.394141,0.446880,0.803089
-0.873250,0.074872,-0.481486
0.342739,0.076519,0.936309
-0.518361,0.223165,0.825530
-0.518721,0.538664,-0.663905
-0.859378,0.155134,-0.487241
0.447656,0.051656,-0.892712
0.889323,0.457032,-0.015010
0.852111,0.318474,-0.415308
0.250364,0.142284,-0.957639
-0.515075,0.465625,-0.719647
-0.399654,0.622882,-0.672528
-0.392319,0.240878,-0.887730
0.901059,0.428397,0.067595
0.196138,0.257223,-0.946238
0.774855,0.124182,-0.619821
0.894594,0.084018,-0.438910
0.121927,0.272635,-0.954361
0.431184,0.258681,-0.864387
0.234100,0.037025,-0.971507
-0.847116,0.485703,-0.215606
0.250268,0.185031,-0.950331
0.280986,0.456610,-0.844130
-0.501036,0.055218,-0.863663
0.862068,0.450784,-0.231587
0.979802,0.186932,0.071023
-0.744367,0.615930,0.257968
0.877605,0.157628,-0.452727
-0.226553,0.133428,-0.964816
0.759862,0.138671,-0.635122
0.658025,0.142562,-0.739378
0.542995,0.125109,-0.830364
0.019017,0.513995,-0.857582
0.832789,0.391320,-0.391575
0.849936,0.181905,-0.494488
0.144329,0.288212,0.946627
-0.701995,0.007227,-0.712145
0.783373,0.000372,-0.621552
-0.914311,0.389128,0.112314
-0.474635,0.553007,0.684766
0.026180,0.190924,-0.981256
0.675610,0.056070,0.735124
-0.544143,0.139963,-0.827236
0.570062,0.277025,-0.773490
0.956531,0.285536,-0.059303
0.332861,0.145609,-0.931666
0.262186,0.455826,-0.850577
-0.324085,0.271320,-0.906286
0.126653,0.143843,-0.981462
-0.327351,0.342076,-0.880810
-0.020197,0.394797,-0.918546
0.994233,0.083935,0.066748
-0.637153,0.058347,-0.768525
0.088764,0.200115,-0.975743
0.538634,0.839900,0.066652
0.981791,0.174327,0.075478
0.550455,0.052925,0.833186
-0.459704,0.465227,0.756463
-0.087904,0.328140,0.940530
0.710272,0.147132,0.688379
0.871993,0.472878,-0.126550
0.765599,0.639037,-0.074089
0.966164,0.244643,0.081709
-0.561370,0.440191,0.700782
0.725681,0.263512,0.635570
0.139447,0.127314,0.982011
-0.085114,0.086248,0.992631
0.773259,0.283206,0.567332
0.533308,0.264613,0.803469
0.729821,0.038037,0.682579
0.562988,0.476363,-0.675369
0.702775,0.190374,0.685467
0.591159,0.479627,0.648451
0.997921,0.056131,-0.031660
-0.302486,0.481203,0.822767
-0.594364,0.191422,0.781082
0.060788,0.557396,-0.828018
-0.065464,0.162154,0.984592
0.954008,0.136192,0.267059
0.158856,0.142898,0.976906
0.305895,0.146327,0.940753
0.446149,0.128321,0.885712
0.735399,0.533510,0.417798
-0.103918,0.405252,0.908279
-0.011615,0.186530,0.982381
-0.868297,0.260569,-0.422095
0.948735,0.007344,-0.315988
0.135737,0.000383,0.990745
0.309530,0.373110,-0.874631
-0.368256,0.524032,-0.767970
0.845229,0.197337,0.496636
-0.990222,0.054255,0.128515
0.984307,0.143011,-0.103382
0.381438,0.283767,0.879762
-0.508705,0.301627,0.806375
0.645032,0.150936,0.749100
0.606515,0.473395,0.638777
0.950148,0.278223,0.140750
0.793707,0.148120,0.589990
0.928460,0.351825,0.119082
0.810055,0.405598,0.423441
-0.578316,0.085072,0.811365
0.975868,0.059229,-0.210175
0.807448,0.205884,0.552847
-0.418527,0.858381,0.296678
-0.579974,0.176663,0.795248
-0.997893,0.052337,0.038352
-0.430039,0.449016,-0.783231
-0.764333,0.317450,-0.561266
-0.960318,0.145789,0.237770
-0.357408,0.484416,0.798499
-0.366867,0.659323,0.656278
-0.574096,0.247392,0.780519
-0.341115,0.411954,-0.844947
-0.921681,0.262109,0.286014
-0.914195,0.124635,-0.385634
-0.809573,0.083800,-0.581006
-0.894949,0.281644,0.346040
-0.964309,0.261878,0.039100
-0.963724,0.037779,0.264212
0.285218,0.507274,0.813218
-0.952816,0.188896,0.237615
-0.871439,0.471580,0.134933
-0.497319,0.057132,0.865684
-0.562100,0.437851,-0.701662
-0.386569,0.180937,-0.904338
0.684745,0.622796,0.378484
-0.812224,0.157290,-0.561741
-0.727651,0.137113,0.672104
-0.918546,0.139357,-0.369937
-0.963710,0.143705,-0.224971
-0.988909,0.126507,-0.077811
-0.754376,0.532971,0.383221
-0.729076,0.389521,-0.562780
-0.838333,0.181845,-0.513936
0.726177,0.256460,-0.637883
-0.247958,0.007737,0.968740
-0.918984,0.000374,-0.394295
0.606179,0.398790,0.688124
0.841984,0.539382,0.011373
-0.871365,0.197128,0.449292
0.317415,0.051180,-0.946905
-0.441104,0.147281,0.885288
-0.951303,0.279631,-0.129726
-0.451776,0.271596,-0.849785
-0.977462,0.149014,0.149545
-0.868301,0.467736,0.165155
-0.626563,0.282161,0.726501
-0.920216,0.147494,0.362558
-0.601759,0.357757,0.714070
-0.789881,0.405894,0.459716
-0.416269,0.082474,-0.905493
-0.339401,0.061088,0.938656
-0.896112,0.205275,0.393504
-0.121191,0.788333,-0.603194
-0.402169,0.171211,-0.899415
0.416830,0.054153,-0.907370
0.837382,0.545012,0.041874
0.823009,0.372827,-0.428551
0.161316,0.146397,-0.975984
-0.596899,0.415459,-0.686371
-0.583807,0.529824,-0.615188
-0.430987,0.227980,-0.873084
0.777985,0.609616,0.152014
0.143946,0.261614,-0.954378
0.763880,0.137008,-0.630647
0.892077,0.096530,-0.441454
-0.007456,0.273927,-0.961722
0.399940,0.270038,-0.875858
0.177107,0.037916,-0.983461
-0.898447,0.373730,-0.230475
0.183854,0.189901,-0.964435
0.085140,0.475694,-0.875480
-0.547017,0.050788,-0.835580
0.612363,0.719803,-0.326947
0.953098,0.253889,0.164758
-0.923090,0.373651,0.091051
0.867424,0.182364,-0.462947
-0.278833,0.128550,-0.951697
0.733772,0.155519,-0.661357
0.633996,0.154513,-0.757743
0.513218,0.133002,-0.847890
-0.146726,0.502978,-0.851754
0.776204,0.472000,-0.417999
0.842111,0.205153,-0.498760
-0.507244,0.260388,0.821524
-0.777258,0.005769,-0.629155
0.769050,0.000491,-0.639188
-0.955715,0.293811,0.016825
-0.703981,0.469589,0.532820
-0.079615,0.188885,-0.978766
0.215575,0.072866,0.973765
-0.627275,0.122229,-0.769146
0.540859,0.295230,-0.787598
0.842693,0.535937,-0.051376
0.239516,0.152202,-0.958888
0.125668,0.471447,-0.872895
-0.416299,0.252003,-0.873607
0.048868,0.145018,-0.988222
-0.443843,0.312997,-0.839664
-0.112307,0.388661,-0.914511
0.984008,0.098269,0.148563
-0.691342,0.050817,-0.720738
0.010707,0.200595,-0.979616
-0.270130,0.961120,0.057247
0.966119,0.204343,0.157666
0.579300,0.055543,0.813219
-0.487117,0.554554,0.674676
-0.064739,0.386061,0.920199
0.772140,0.151367,0.617161
0.882791,0.420071,-0.210286
0.804470,0.536782,-0.254349
0.972032,0.231155,0.041478
-0.586507,0.623269,0.517247
0.759321,0.267978,0.592975
0.153697,0.140844,0.978029
-0.084281,0.099484,0.991463
0.844874,0.283840,0.453456
0.559411,0.276468,0.781425
0.769466,0.038955,0.637499
0.611524,0.368073,-0.700400
0.749167,0.195399,0.632904
0.719572,0.498463,0.483478
0.995151,0.051483,-0.083812
-0.118022,0.790348,0.601183
-0.674472,0.259994,0.691007
0.315266,0.353565,-0.880681
-0.054093,0.188471,0.980588
0.967863,0.130975,0.214679
0.194511,0.160911,0.967612
0.334190,0.158961,0.929004
0.476947,0.136636,0.868247
0.812371,0.519289,0.265315
-0.056228,0.492192,0.868669
-0.005734,0.211047,0.977459
-0.464071,0.232517,-0.854736
0.912552,0.005810,-0.408918
0.157633,0.000507,0.987498
0.423134,0.285606,-0.859876
-0.131356,0.448947,-0.883851
0.895592,0.194730,0.399993
-0.925013,0.066425,-0.374085
0.971989,0.124043,-0.199626
0.408698,0.302878,0.860948
-0.519741,0.580985,0.626359
0.717506,0.157881,0.678423
0.695989,0.489110,0.525710
0.965335,0.257200,0.044465
0.838913,0.149198,0.523417
0.947486,0.319788,-0.002227
0.852194,0.398425,0.339151
-0.647233,0.099536,0.755766
0.959891,0.051348,-0.275633
0.850053,0.206144,0.484680
-0.008463,0.914174,-0.405233
-0.646417,0.206909,0.734394
-0.995896,0.054940,0.071929
-0.350749,0.533011,-0.769983
-0.758392,0.371798,-0.535357
-0.933226,0.150447,0.326273
-0.286256,0.430586,0.855952
-0.221273,0.557644,0.800045
-0.541278,0.233849,0.807671
-0.192927,0.575607,-0.794642
-0.903160,0.266912,0.336244
-0.917435,0.137615,-0.373331
-0.807917,0.096246,-0.581384
-0.837433,0.283937,0.466996
-0.959156,0.273695,0.071492
-0.946411,0.038750,0.320631
0.287672,0.387392,0.875884
-0.932837,0.194252,0.303450
-0.804451,0.495790,0.327188
-0.448493,0.052401,0.892249
-0.495952,0.707081,-0.504052
-0.280275,0.241656,-0.929004
0.610398,0.386625,0.691328
-0.813420,0.181992,-0.552473
-0.689245,0.132023,0.712398
-0.928023,0.156574,-0.338021
-0.967925,0.155978,-0.196957
-0.989896,0.134691,-0.044324
-0.665936,0.523257,0.531725
-0.720126,0.470590,-0.509866
-0.836383,0.205116,-0.508321
0.966668,0.245105,-0.074007
-0.135745,0.006079,0.990725
-0.926503,0.000494,-0.376286
0.533594,0.301245,0.790271
0.834988,0.466023,0.292604
-0.816105,0.195350,0.543885
0.712436,0.064961,-0.698724
-0.345347,0.127720,0.929743
-0.949330,0.298403,-0.098632
-0.332053,0.489908,-0.806059
-0.956652,0.156360,0.245699
-0.821434,0.486191,0.298102
-0.549527,0.261520,0.793491
-0.887723,0.148952,0.435617
-0.504269,0.326428,0.799473
-0.740012,0.400017,0.540711
-0.337206,0.096045,-0.936519
-0.268985,0.052852,0.961693
-0.860748,0.206070,0.465455
0.278560,0.959510,0.041765
-0.320123,0.199608,-0.926109
0.314394,0.056696,-0.947598
0.748831,0.660781,0.051181
0.736674,0.444090,-0.509995
-0.002502,0.148508,-0.988908
-0.696462,0.371555,-0.613911
-0.729507,0.446257,-0.518338
-0.520275,0.215864,-0.826267
0.416624,0.882046,0.220044
0.022219,0.264454,-0.964142
0.697758,0.152223,-0.699972
0.848996,0.113011,-0.516173
-0.199083,0.268597,-0.942455
0.300004,0.281220,-0.911544
0.046960,0.038647,-0.998149
-0.934711,0.302318,-0.186866
0.044559,0.193164,-0.980154
-0.179224,0.469806,-0.864385
-0.635424,0.047015,-0.770731
-0.207583,0.890598,-0.404654
0.889315,0.383448,0.249171
-0.963323,0.260857,0.062943
0.810061,0.215095,-0.545468
-0.388154,0.123517,-0.913280
0.642199,0.175629,-0.746147
0.544168,0.167781,-0.822028
0.413433,0.141252,-0.899511
-0.349748,0.476429,-0.806655
0.635910,0.577976,-0.511433
0.788195,0.234303,-0.569078
-0.781686,0.188682,0.594447
-0.853191,0.004977,-0.521576
0.696418,0.000636,-0.717636
-0.971847,0.235259,0.012907
-0.804803,0.392705,0.445056
-0.245222,0.183858,-0.951873
-0.356723,0.069800,0.931599
-0.728941,0.107569,-0.676073
0.445681,0.314389,-0.838169
-0.191813,0.976911,-0.094091
0.066556,0.156589,-0.985419
-0.079890,0.473817,-0.876992
-0.544400,0.232589,-0.805935
-0.097894,0.144659,-0.984627
-0.583500,0.283726,-0.760938
-0.259747,0.377815,-0.888700
0.976836,0.117801,0.178648
-0.770738,0.044972,-0.635563
-0.133960,0.198954,-0.970810
-0.764532,0.643475,0.037810
0.950747,0.245158,0.189678
0.667450,0.058191,0.742377
-0.455556,0.672568,0.583199
0.049021,0.463674,0.884649
0.866189,0.153202,0.475653
0.867322,0.373751,-0.328730
0.790241,0.447606,-0.418531
0.974093,0.218243,-0.059264
-0.471333,0.874176,0.116884
0.829173,0.270556,0.489153
0.248731,0.157116,0.955744
0.001451,0.117304,0.993095
0.922022,0.276731,0.270730
0.642000,0.288050,0.710537
0.848169,0.039660,0.528239
0.597847,0.297941,-0.744185
0.833447,0.198485,0.515722
0.840460,0.487685,0.236200
0.980360,0.047470,-0.191417
0.360660,0.918294,-0.163281
-0.734912,0.391418,0.553802
0.377981,0.251142,-0.891099
0.046160,0.224104,0.973471
0.987116,0.125452,0.099314
0.317274,0.182750,0.930559
0.437640,0.173098,0.882331
0.574155,0.145332,0.805744
0.870770,0.487730,0.062277
0.095767,0.608905,0.787441
0.082691,0.242343,0.966660
-0.156001,0.174412,-0.972237
0.855688,0.004977,-0.517469
0.264425,0.000659,0.964406
0.442165,0.229967,-0.866952
-0.006170,0.378611,-0.925535
0.952770,0.188615,0.238021
-0.615373,0.062315,-0.785769
0.938003,0.108416,-0.329236
0.502353,0.323035,0.802053
-0.008865,0.910773,-0.412813
0.829149,0.162167,0.534990
0.802506,0.489321,0.341393
0.966591,0.235969,-0.100097
0.908830,0.148430,0.389866
0.944066,0.287690,-0.161166
0.901734,0.385763,0.195095
-0.674422,0.119450,0.728620
0.923049,0.045207,-0.382018
0.914050,0.203867,0.350644
0.270478,0.607803,-0.746604
-0.670992,0.248414,0.698614
-0.981625,0.057691,0.181891
-0.293773,0.644361,-0.706043
-0.785574,0.445194,-0.429740
-0.863691,0.153216,0.480170
-0.171058,0.383421,0.907595
-0.060878,0.465576,0.882911
-0.454029,0.221138,0.863108
0.055071,0.823980,-0.563937
-0.851375,0.270388,0.449501
-0.946220,0.153435,-0.284825
-0.850444,0.113018,-0.513781
-0.723300,0.279197,0.631574
-0.941826,0.285785,0.176891
-0.895083,0.039603,0.444138
0.337445,0.310948,0.888506
-0.877958,0.198197,0.435784
-0.661751,0.493153,0.564699
-0.345204,0.048371,0.937280
-0.153888,0.963802,0.217725
-0.156491,0.354294,-0.921947
0.586862,0.268236,0.763965
-0.856116,0.215536,-0.469691
-0.599205,0.126790,0.790492
-0.958980,0.177830,-0.220758
-0.981456,0.170049,-0.088475
-0.987295,0.143553,0.068130
-0.521542,0.496117,0.694163
-0.731354,0.581588,-0.356197
-0.870763,0.235010,-0.431905
0.936395,0.185892,0.297671
-0.002503,0.005182,0.999983
-0.960483,0.000642,-0.278338
0.530367,0.240178,0.813035
0.810960,0.392587,0.433842
-0.707891,0.190414,0.680171
0.967943,0.064590,-0.242724
-0.209392,0.111653,0.971436
-0.947773,0.318824,0.008767
0.200610,0.973457,-0.110169
-0.895587,0.161718,0.414453
-0.722761,0.491196,0.486151
-0.422610,0.240715,0.873761
-0.811050,0.148920,0.565703
-0.361044,0.294734,0.884748
-0.642237,0.389226,0.660329
-0.302987,0.114501,-0.946091
-0.152515,0.046493,0.987207
-0.780236,0.204773,0.591016
0.496479,0.668100,0.554212
-0.280296,0.238146,-0.929904
0.267279,0.058551,-0.961839
0.580630,0.807471,0.104204
0.629317,0.531565,-0.566920
-0.098167,0.146319,-0.984355
-0.727382,0.331272,-0.600978
-0.784160,0.375822,-0.493813
-0.539479,0.202753,-0.817223
-0.327247,0.921880,0.207476
-0.033554,0.263084,-0.964189
0.659706,0.169166,-0.732236
0.818798,0.134788,-0.558034
-0.307787,0.254268,-0.916851
0.253900,0.289582,-0.922864
-0.016164,0.038480,-0.999129
-0.941603,0.251930,-0.223414
-0.029365,0.192346,-0.980888
-0.354357,0.434952,-0.827797
-0.653080,0.042958,-0.756069
-0.749527,0.580637,-0.317914
0.557991,0.676409,0.480747
-0.979877,0.198410,-0.021773
0.757068,0.257567,-0.600423
-0.421520,0.117096,-0.899227
0.568113,0.197196,-0.798975
0.491086,0.180698,-0.852164
0.361029,0.148285,-0.920690
-0.461238,0.435792,-0.772881
0.424118,0.692326,-0.583789
0.750584,0.269855,-0.603160
-0.916225,0.139341,0.375655
-0.864458,0.003935,-0.502690
0.647967,0.000818,-0.761668
-0.978994,0.195151,-0.059048
-0.889526,0.331912,0.313970
-0.328292,0.174216,-0.928371
-0.751765,0.052899,0.657306
-0.754441,0.094314,-0.649557
0.393029,0.331451,-0.857711
-0.886487,0.450327,-0.106523
-0.044462,0.155835,-0.986782
-0.217042,0.456544,-0.862821
-0.590435,0.211867,-0.778781
-0.171243,0.141005,-0.975086
-0.636425,0.253815,-0.728382
-0.331384,0.359723,-0.872229
0.945301,0.147249,0.291072
-0.784003,0.039537,-0.619496
-0.204406,0.193085,-0.959654
-0.902426,0.429078,-0.038978
0.903221,0.305561,0.301372
0.704226,0.060128,0.707425
-0.420701,0.817016,0.394329
0.152376,0.559621,0.814620
0.909546,0.150582,0.387364
0.872277,0.332754,-0.358341
0.798483,0.376048,-0.470120
0.975594,0.204772,-0.079284
-0.090299,0.865008,-0.493566
0.857050,0.268916,0.439488
0.296499,0.175287,0.938809
0.050984,0.141089,0.988683
0.951768,0.260725,0.161740
0.675511,0.296722,0.675012
0.880587,0.039448,0.472239
0.638392,0.249169,-0.728265
0.871022,0.197391,0.449843
0.892186,0.447259,0.062961
0.976322,0.043317,-0.211939
0.569104,0.567817,-0.594731
-0.762451,0.644425,0.058182
0.470325,0.193411,-0.861038
0.119756,0.270917,0.955124
0.990866,0.118750,0.063901
0.403026,0.206303,0.891633
0.491898,0.186874,0.850361
0.619991,0.152748,0.769597
0.894814,0.443617,-0.050126
0.267953,0.734046,0.624001
0.130470,0.280703,0.950886
0.094647,0.132360,-0.986673
0.847904,0.003932,-0.530135
0.328413,0.000852,0.944534
0.513365,0.191914,-0.836436
0.148819,0.322651,-0.934746
0.972001,0.178089,0.153289
-0.220304,0.048621,-0.974219
0.928109,0.094858,-0.360022
0.546658,0.340972,0.764790
0.418807,0.419788,-0.805220
0.885808,0.160999,0.435227
0.857312,0.469196,0.211829
0.964982,0.214355,-0.151201
0.936415,0.144378,0.319815
0.941225,0.256496,-0.219787
0.922131,0.366335,0.124392
-0.760266,0.148835,0.632332
0.916678,0.039696,-0.397649
0.938696,0.197429,0.282615
0.426599,0.413361,-0.804454
-0.747563,0.308390,0.588255
-0.971297,0.059673,0.230264
-0.160218,0.784808,-0.598670
-0.781227,0.536491,-0.319159
-0.811522,0.151141,0.564436
-0.145034,0.340731,0.928907
-0.014349,0.389577,0.920882
-0.436301,0.207413,0.875569
0.417095,0.907975,0.040175
-0.823522,0.269167,0.499360
-0.955825,0.170950,-0.239111
-0.869640,0.135120,-0.474836
-0.644440,0.264116,0.717593
-0.929244,0.294684,0.222861
-0.864439,0.039468,0.501186
0.303603,0.258283,0.917123
-0.841688,0.197579,0.502517
-0.538580,0.456391,0.708265
-0.323458,0.044089,0.945215
0.182685,0.632999,0.752289
0.209630,0.585205,-0.783320
0.510530,0.203648,0.835396
-0.876447,0.259201,-0.405778
-0.569573,0.120052,0.813126
-0.970427,0.200729,-0.134086
-0.982568,0.183659,-0.028792
-0.980716,0.151028,0.124040
-0.434064,0.452765,0.778840
-0.691244,0.707058,-0.149166
-0.880805,0.271331,-0.388023
0.822034,0.140271,0.551892
0.016581,0.004069,0.999854
-0.975844,0.000829,-0.218467
0.466118,0.199057,0.862039
0.740934,0.333939,0.582667
-0.644091,0.180238,0.743412
0.970143,0.051762,0.236947
-0.173883,0.097413,0.979936
-0.939410,0.336825,0.063706
0.475610,0.489876,0.730628
-0.841425,0.161296,0.515741
-0.640616,0.473902,0.604175
-0.374879,0.218592,0.900935
-0.765356,0.145190,0.627017
-0.305150,0.262581,0.915388
-0.591018,0.370322,0.716631
-0.185627,0.141524,-0.972375
-0.132816,0.040705,0.990305
-0.734493,0.198729,0.648866
0.477789,0.446052,0.756806
-0.156147,0.293585,-0.943094
0.749926,0.060296,-0.658768
0.114990,0.953680,0.277977
0.723747,0.638903,-0.260754
0.420741,0.142272,-0.895955
-0.249165,0.296458,-0.921971
-0.372375,0.319671,-0.871290
0.035887,0.190593,-0.981013
-0.680662,0.624142,-0.383596
0.497783,0.260480,-0.827262
0.944676,0.190601,-0.266941
0.984187,0.167826,-0.056659
0.200248,0.237047,-0.950636
0.715552,0.297915,-0.631848
0.525783,0.038071,-0.849766
-0.603719,0.213958,-0.767949
0.494635,0.189970,-0.848084
0.061925,0.389706,-0.918855
-0.091916,0.039579,-0.994980
-0.563472,0.368881,-0.739207
-0.721520,0.689480,0.063450
-0.738838,0.157688,-0.655173
0.932988,0.319581,-0.165532
0.164497,0.110944,-0.980119
0.877702,0.222557,-0.424391
0.863898,0.195241,-0.464285
0.797945,0.155578,-0.582305
-0.004362,0.393237,-0.919427
0.430090,0.770559,-0.470384
0.940058,0.319055,-0.120394
-0.910027,0.106201,-0.400715
-0.404947,0.003494,-0.914333
0.947253,0.000678,-0.320485
-0.714855,0.165132,-0.679495
-0.873032,0.281161,-0.398451
0.211906,0.163548,-0.963508
-0.977290,0.038184,-0.208437
-0.244467,0.083487,-0.966057
0.784364,0.349653,-0.512362
-0.701477,0.248905,-0.667814
0.452012,0.152415,-0.878894
0.219889,0.429463,-0.875906
-0.054196,0.192958,-0.979709
0.375797,0.136337,-0.916618
-0.125989,0.227198,-0.965664
0.188812,0.339878,-0.921321
0.415420,0.196437,0.888166
-0.273402,0.035299,-0.961252
0.342534,0.185971,-0.920915
-0.706139,0.308149,-0.637504
0.352390,0.402573,0.844841
0.186467,0.061935,0.980507
-0.333658,0.936319,-0.109453
-0.181769,0.667365,0.722207
0.567607,0.147289,0.810017
0.926331,0.302133,0.225004
0.941603,0.326373,0.082854
0.836465,0.194222,0.512449
0.614103,0.619955,-0.488398
0.466208,0.267283,0.843333
-0.269256,0.196163,0.942879
-0.490373,0.173470,0.854074
0.729456,0.245348,0.638513
0.180384,0.305298,0.935016
0.472218,0.039188,0.880610
0.961678,0.216371,-0.168399
0.486455,0.195816,0.851480
0.771014,0.405434,0.491082
0.913437,0.040367,0.404974
0.903625,0.379375,-0.198838
0.179700,0.623264,-0.761084
0.922777,0.158868,-0.351062
-0.372401,0.332987,0.866278
0.771681,0.113430,0.625813
-0.101016,0.232018,0.967452
-0.049543,0.201305,0.978275
0.092222,0.160105,0.982782
0.803419,0.405278,0.436197
0.155267,0.814423,0.559113
-0.402843,0.328414,0.854319
0.771647,0.105494,-0.627242
0.996822,0.003562,0.079579
-0.227175,0.000702,0.973854
0.936521,0.166262,-0.308682
0.762097,0.280148,-0.583717
0.734612,0.168683,0.657184
0.621823,0.037343,-0.782267
0.964311,0.085295,0.250656
0.036780,0.359032,0.932600
0.896953,0.253286,-0.362382
0.536243,0.158349,0.829077
0.651132,0.445044,0.614787
0.881916,0.197624,0.427983
0.608841,0.140477,0.780755
0.905411,0.232829,0.354995
0.707277,0.349013,0.614776
-0.971821,0.188350,-0.141733
0.973873,0.035982,0.224224
0.629479,0.191413,0.753072
0.883980,0.311345,-0.348774
-0.905960,0.385985,-0.173933
-0.936235,0.060605,-0.346109
0.218752,0.927798,-0.302221
-0.542608,0.630626,-0.554876
-0.987910,0.145046,0.054726
-0.677358,0.304363,0.669738
-0.569652,0.331158,0.752217
-0.872333,0.194066,0.448746
0.067076,0.670789,0.738609
-0.963752,0.263661,-0.040811
-0.675858,0.188593,-0.712494
-0.495231,0.163040,-0.853325
-0.929417,0.243436,0.277349
-0.895810,0.299330,-0.328521
-0.997690,0.038579,-0.055905
-0.358286,0.220768,0.907134
-0.980753,0.192758,-0.031123
-0.832798,0.404153,0.378297
-0.821582,0.040460,0.568652
-0.342260,0.400604,0.849926
0.546499,0.720833,0.426309
-0.184277,0.164094,0.969079
-0.561979,0.312029,-0.766040
-0.936076,0.112972,0.333165
-0.776963,0.221462,-0.589307
-0.814427,0.194901,-0.546555
-0.890068,0.156018,-0.428296
-0.799063,0.405349,0.444061
-0.584851,0.781052,-0.218878
-0.538021,0.312848,-0.782726
0.138761,0.110625,0.984128
-0.592274,0.003612,0.805728
-0.720591,0.000671,-0.693360
-0.221892,0.170188,0.960104
0.111062,0.288647,0.950972
-0.946277,0.167463,0.276615
0.356935,0.039914,0.933276
-0.720081,0.085955,0.688545
-0.821109,0.350048,-0.450829
-0.197293,0.272877,0.941602
-0.987717,0.155494,0.015404
-0.870701,0.440842,0.218033
-0.827771,0.197950,0.524986
-0.984323,0.138823,0.108792
-0.779559,0.233806,0.581052
-0.895928,0.346986,0.277333
0.558087,0.183287,-0.809286
-0.700691,0.036268,0.712543
-0.971733,0.189405,0.140928
-0.178480,0.325887,0.928409
0.554927,0.377041,-0.741550
0.992851,0.066878,-0.098860
-0.382797,0.922995,0.039335
0.569030,0.819447,0.068637
0.830518,0.151597,-0.535965
0.302351,0.285891,-0.909313
0.145213,0.298262,-0.943373
0.592360,0.190931,-0.782723
-0.471410,0.449055,-0.759028
0.873596,0.276724,-0.400317
0.903058,0.232409,0.361210
0.776761,0.235310,0.584184
0.657456,0.243146,-0.713184
0.940222,0.326662,-0.096304
0.911541,0.040900,-0.409170
-0.062917,0.195710,-0.978641
0.877025,0.203452,-0.435241
0.475286,0.387985,-0.789665
0.488864,0.039098,-0.871483
-0.201123,0.291754,-0.935109
-0.733584,0.372043,-0.568716
-0.244177,0.137323,-0.959958
0.797890,0.450505,0.400520
0.691618,0.112742,-0.713410
0.951165,0.279934,0.130085
0.965374,0.228418,0.126012
0.984332,0.175961,-0.011334
0.457255,0.388887,-0.799803
0.340556,0.859801,-0.380479
0.775847,0.409590,0.479893
-0.499944,0.087307,-0.861646
0.163309,0.003261,-0.986570
0.952919,0.001024,0.303222
-0.188823,0.149155,-0.970618
-0.457218,0.247230,-0.854300
0.691453,0.167861,-0.702649
-0.646631,0.029203,-0.762244
0.326779,0.080360,-0.941678
0.918250,0.394159,0.038155
-0.325504,0.185428,-0.927180
0.840086,0.164253,-0.516987
0.611092,0.442387,-0.656400
0.490112,0.190647,-0.850555
0.814689,0.143266,-0.561923
0.413025,0.221748,-0.883311
0.653066,0.347049,-0.673098
-0.576719,0.212911,0.788711
0.311117,0.033984,-0.949764
0.789106,0.194242,-0.582736
-0.276439,0.254432,-0.926739
-0.586274,0.425877,0.689138
-0.434018,0.068086,0.898328
0.114629,0.903850,-0.412208
-0.399561,0.833894,0.380751
0.031517,0.156641,0.987153
0.638998,0.293368,0.711068
0.750050,0.307661,0.585466
0.378839,0.195039,0.904677
0.880708,0.463109,-0.099412
-0.106448,0.282892,0.953227
-0.793793,0.233739,0.561479
-0.925227,0.232037,0.300189
0.280030,0.252119,0.926293
-0.407901,0.331958,0.850542
-0.119647,0.041932,0.991931
0.885359,0.200461,0.419469
-0.079975,0.208963,0.974648
0.441769,0.405537,0.800238
0.510534,0.040047,0.858924
0.919693,0.306251,0.245714
0.807927,0.375000,-0.454565
0.959690,0.140914,0.243185
-0.794386,0.450670,0.407244
0.266186,0.115402,0.956989
-0.634027,0.286085,0.718446
-0.622469,0.231918,0.747493
-0.508922,0.179066,0.841982
0.461166,0.402694,0.790672
0.113863,0.901824,0.416831
-0.833066,0.407971,0.373578
0.995265,0.089084,-0.038873
0.779759,0.003357,0.626071
-0.776745,0.001036,0.629814
0.940556,0.152359,0.303546
0.967989,0.250926,0.005777
0.254205,0.173357,0.951487
0.973485,0.029679,-0.226818
0.656225,0.082695,0.750020
-0.517420,0.399988,0.756496
0.972924,0.193943,0.125720
0.007491,0.170260,0.985371
0.251144,0.459045,0.852176
0.491025,0.196145,0.848777
0.065358,0.147408,0.986914
0.559790,0.228577,0.796484
0.248122,0.356772,0.900638
-0.403224,0.197623,-0.893507
0.671103,0.034889,0.740543
0.097455,0.199732,0.974992
0.946557,0.262974,0.186748
-0.320328,0.397885,-0.859696
-0.559183,0.066011,-0.826412
0.268281,0.931823,0.244400
-0.170011,0.789809,-0.589319
-0.861988,0.151768,-0.483677
-0.941142,0.290860,0.172201
-0.895082,0.306035,0.324301
-0.971043,0.192482,-0.141518
-0.410970,0.482389,0.773566
-0.767234,0.275920,-0.578983
-0.109552,0.223769,-0.968466
0.149640,0.218004,-0.964408
-0.937107,0.245659,-0.247957
-0.532586,0.322878,-0.782369
-0.792018,0.040755,-0.609136
-0.822503,0.200849,0.532117
-0.797140,0.202938,-0.568668
-0.916385,0.395957,-0.058799
-0.999183,0.039569,-0.008270
-0.719578,0.311007,0.620872
-0.075303,0.412158,0.907995
-0.715860,0.142251,0.683600
-0.003535,0.419482,-0.907757
-0.957649,0.113451,-0.264645
-0.318315,0.269392,-0.908902
-0.343460,0.222687,-0.912385
-0.475861,0.172918,-0.862355
-0.918003,0.395519,-0.028911
-0.454137,0.869418,-0.194605
0.057450,0.388784,-0.919536
-0.495986,0.091074,0.863541
-0.942892,0.003340,0.333082
-0.176832,0.000981,-0.984241
-0.751901,0.153220,0.641224
-0.511073,0.254479,0.821002
-0.945375,0.169253,-0.278601
-0.327701,0.030748,0.944281
-0.982733,0.081881,0.165927
-0.401188,0.387227,-0.830122
-0.649098,0.199041,0.734203
-0.847564,0.164301,-0.504618
-0.861879,0.446928,-0.239625
-0.980840,0.193301,-0.024243
-0.879976,0.143554,-0.452808
-0.972486,0.225550,0.058294
-0.900986,0.349594,-0.256919
0.977939,0.205921,0.035085
-0.981997,0.034590,0.185704
-0.886463,0.194809,-0.419801
-0.670812,0.266944,0.691920
0.905132,0.414874,0.092818
0.995949,0.078131,-0.044510
-0.635626,0.771903,-0.012096
0.131449,0.986973,0.092761
0.805959,0.175766,-0.565275
0.247258,0.294993,-0.922953
0.051905,0.301418,-0.952078
0.578396,0.202360,-0.790259
-0.642018,0.369426,-0.671816
0.866440,0.311690,-0.390041
0.807392,0.291908,0.512745
0.443899,0.322799,0.835915
0.593918,0.271949,-0.757169
0.926153,0.374521,-0.044448
0.913012,0.046941,-0.405223
-0.126977,0.192270,-0.973093
0.867122,0.233971,-0.439723
0.339144,0.423579,-0.839978
0.461941,0.041127,-0.885957
-0.408403,0.262920,-0.874117
-0.852042,0.257683,-0.455657
-0.327039,0.130169,-0.936003
0.456369,0.647450,0.610357
0.679292,0.121754,-0.723698
0.888316,0.388542,0.244805
0.933191,0.281998,0.222780
0.976046,0.210162,0.056264
0.363407,0.416741,-0.833224
-0.110945,0.905621,-0.409318
0.551531,0.520834,0.651571
-0.568455,0.078585,-0.818953
0.091173,0.003266,-0.995830
0.881796,0.001344,0.471629
-0.243598,0.144300,-0.959082
-0.497675,0.231028,-0.836030
0.650055,0.186621,-0.736615
-0.709394,0.024868,-0.704374
0.268115,0.083313,-0.959778
0.879558,0.463392,0.107914
-0.512030,0.160947,-0.843754
0.808954,0.194199,-0.554870
0.516384,0.494763,-0.698969
0.442116,0.202438,-0.873815
0.798236,0.162073,-0.580131
0.349084,0.233504,-0.907533
0.611648,0.379521,-0.694155
-0.800315,0.169979,0.574981
0.262530,0.035069,-0.964286
0.769383,0.217958,-0.600453
-0.406906,0.233819,-0.883038
-0.798929,0.340449,0.495790
-0.486770,0.079641,0.869892
0.288054,0.754755,-0.589381
-0.202966,0.978601,-0.033828
0.067801,0.182687,0.980830
0.679191,0.302819,0.668581
0.804863,0.310570,0.505708
0.392477,0.206978,0.896171
0.883761,0.374980,-0.279923
-0.113968,0.319397,0.940743
-0.875142,0.290607,0.386877
-0.944177,0.302893,-0.129558
0.351789,0.283303,0.892179
-0.448804,0.380787,0.808441
-0.126662,0.048297,0.990769
0.912112,0.196637,0.359702
-0.073704,0.241271,0.967655
0.557733,0.443963,0.701306
0.537195,0.042178,0.842403
0.961850,0.271824,0.030925
0.776174,0.256222,-0.576112
0.978371,0.133095,0.158356
-0.786777,0.616568,-0.028743
0.281186,0.124872,0.951494
-0.712834,0.395214,0.579373
-0.694857,0.285733,0.659947
-0.568103,0.213988,0.794649
0.539293,0.432300,0.722690
0.366308,0.930346,0.016563
-0.858447,0.507030,0.077390
0.989918,0.079808,-0.117019
0.824501,0.003361,0.565850
-0.888160,0.001343,0.459533
0.957113,0.147141,0.249568
0.971517,0.234019,-0.037294
0.305261,0.193504,0.932401
0.952599,0.025126,-0.303189
0.702441,0.085789,0.706553
-0.561724,0.469804,0.680992
0.983183,0.165544,-0.077115
0.054176,0.202828,0.977715
0.337284,0.515404,0.787781
0.536420,0.208622,0.817760
0.088277,0.167439,0.981922
0.614296,0.240997,0.751373
0.287439,0.391141,0.874292
-0.122508,0.160752,-0.979362
0.708886,0.036023,0.704402
0.121890,0.224936,0.966719
0.969496,0.239826,0.050601
-0.058187,0.323455,-0.944453
-0.509666,0.076813,-0.856937
0.348004,0.787697,0.508357
0.071556,0.964098,-0.255725
-0.873626,0.176258,-0.453553
-0.926260,0.300628,0.227301
-0.856700,0.309975,0.412286
-0.970695,0.204165,-0.126758
-0.242639,0.392023,0.887381
-0.752585,0.310601,-0.580640
0.068022,0.277053,-0.958444
0.504392,0.289540,-0.813483
-0.945161,0.275905,-0.174776
-0.477687,0.369076,-0.797244
-0.786521,0.046739,-0.615793
-0.785251,0.197391,0.586871
-0.793527,0.233347,-0.562018
-0.896169,0.435684,0.084026
-0.998898,0.041676,0.021599
-0.554773,0.279459,0.783664
0.076374,0.275474,0.958270
-0.651719,0.134695,0.746404
0.333533,0.583929,-0.740123
-0.960290,0.122627,-0.250610
-0.176783,0.366301,-0.913549
-0.238966,0.272365,-0.932048
-0.408552,0.205361,-0.889333
-0.902258,0.425690,0.068685
-0.255549,0.942198,0.216698
0.308349,0.486240,-0.817613
-0.421980,0.081619,0.902924
-0.915570,0.003351,0.402144
0.006408,0.001259,-0.999979
-0.713710,0.148178,0.684589
-0.474109,0.237378,0.847863
-0.954915,0.188687,-0.229205
-0.243696,0.025963,0.969504
-0.970302,0.085069,0.226445
-0.318240,0.453057,-0.832744
-0.472594,0.171369,0.864458
-0.862993,0.194689,-0.466197
-0.853163,0.502420,-0.140309
-0.978206,0.205713,0.028203
-0.886391,0.162569,-0.433454
-0.963044,0.238144,0.125833
-0.898824,0.383049,-0.213047
0.922300,0.168598,0.347762
-0.971206,0.035752,0.235544
-0.891122,0.218849,-0.397500
-0.563328,0.244688,0.789170
0.856890,0.339150,0.388223
0.994212,0.093512,-0.052889
-0.775006,0.631871,-0.010286
-0.382712,0.919830,0.086276
0.717298,0.206867,-0.665349
0.120961,0.302268,-0.945517
-0.108162,0.300117,-0.947750
0.501598,0.214617,-0.838057
-0.774320,0.304877,-0.554507
0.822258,0.355406,-0.444498
0.659391,0.371604,0.653539
-0.126870,0.357232,0.925359
0.444840,0.302766,-0.842882
0.898304,0.436367,-0.051310
0.878967,0.054748,-0.473730
-0.252763,0.187636,-0.949159
0.812741,0.273732,-0.514317
0.107422,0.447702,-0.887707
0.364463,0.043175,-0.930216
-0.604656,0.229478,-0.762713
-0.919005,0.194001,-0.343210
-0.457347,0.122614,-0.880795
-0.204310,0.712297,0.671483
0.606908,0.131830,-0.783762
0.719356,0.587463,0.370694
0.887002,0.362002,0.286675
0.963269,0.259257,0.069995
0.188659,0.439346,-0.878284
-0.519344,0.778640,-0.352140
0.194057,0.612352,0.766398
-0.669051,0.071147,-0.739803
-0.052470,0.003355,-0.998617
0.739370,0.001617,0.673298
-0.356594,0.139113,-0.923844
-0.584085,0.216290,-0.782345
0.533745,0.207681,-0.819747
-0.790835,0.021784,-0.611641
0.134003,0.085742,-0.987265
0.822173,0.554286,0.129604
-0.679843,0.137516,-0.720349
0.705984,0.233952,-0.668470
0.331564,0.545140,-0.769992
0.319515,0.213892,-0.923125
0.724961,0.185312,-0.663394
0.208521,0.243745,-0.947158
0.502913,0.414709,-0.758350
-0.877145,0.136385,0.460452
0.139883,0.036027,-0.989512
0.691205,0.246590,-0.679286
-0.560709,0.212027,-0.800406
-0.875496,0.273844,0.398141
-0.484136,0.095706,0.869743
0.360846,0.618177,-0.698318
0.059919,0.889185,-0.453607
0.201888,0.217025,0.955061
0.763208,0.310078,0.566891
0.880712,0.308238,0.359633
0.474072,0.219837,0.852601
0.843846,0.305959,-0.440809
-0.045480,0.365803,0.929580
-0.915612,0.363677,0.171446
-0.720092,0.319643,-0.615869
0.506663,0.316899,0.801790
-0.432463,0.444719,0.784348
-0.051521,0.056711,0.997060
0.952738,0.191324,0.235976
0.017780,0.284269,0.958580
0.719708,0.468434,0.512435
0.626468,0.044322,0.778186
0.953091,0.233684,-0.192379
0.718349,0.191792,-0.668723
0.992054,0.124731,0.016470
-0.500650,0.641680,-0.581031
0.371514,0.135558,0.918478
-0.745328,0.585186,0.319444
-0.733517,0.366010,0.572703
-0.580548,0.264787,0.769968
0.669162,0.455666,0.587019
0.518716,0.778597,-0.353158
-0.764915,0.578355,-0.283568
0.967826,0.071853,-0.241141
0.898857,0.003444,0.438230
-0.979677,0.001570,0.200575
0.981070,0.141412,0.132304
0.966013,0.218395,-0.138286
0.440145,0.216377,0.871466
0.910117,0.021880,-0.413773
0.795113,0.088241,0.600007
-0.555885,0.562012,0.612483
0.950420,0.139419,-0.277964
0.208022,0.247332,0.946337
0.496377,0.569297,0.655372
0.643421,0.220667,0.733018
0.199221,0.192663,0.960829
0.721594,0.251593,0.644983
0.400348,0.428642,0.809931
0.013765,0.130762,-0.991318
0.793583,0.036990,0.607337
0.231602,0.255872,0.938557
0.968650,0.215574,-0.123474
0.065149,0.263334,-0.962502
-0.510775,0.091646,-0.854816
0.414689,0.645128,0.641750
0.322923,0.926127,0.194961
-0.918663,0.208897,-0.335293
-0.884064,0.308949,0.350686
-0.772688,0.309465,0.554242
-0.975459,0.217075,-0.036855
-0.069725,0.319454,0.945033
-0.776836,0.354842,-0.520206
0.257617,0.346629,-0.901932
0.845165,0.324073,-0.425057
-0.950762,0.309890,-0.004558
-0.466261,0.429277,-0.773513
-0.827543,0.054637,-0.558737
-0.700180,0.192748,0.687456
-0.830487,0.273937,-0.485026
-0.826830,0.465465,0.315744
-0.990692,0.043882,0.128856
-0.349352,0.241997,0.905202
0.201396,0.203091,0.958224
-0.535104,0.126694,0.835232
0.702735,0.658578,-0.269144
-0.978156,0.133185,-0.159601
0.026333,0.535814,-0.843925
-0.154152,0.345495,-0.925673
-0.383598,0.251872,-0.888489
-0.857519,0.451815,0.246017
0.000630,0.818587,0.574382
0.571984,0.568761,-0.591054
-0.299116,0.073569,0.951376
-0.846447,0.003450,0.532461
0.243350,0.001460,-0.969937
-0.624713,0.142813,0.767684
-0.382147,0.221822,0.897083
-0.973286,0.211392,-0.089603
-0.119473,0.022575,0.992581
-0.928971,0.087858,0.359575
-0.266739,0.539737,-0.798458
-0.271338,0.144848,0.951522
-0.913292,0.236683,-0.331480
-0.827374,0.558987,0.054630
-0.962620,0.218301,0.160336
-0.923838,0.186780,-0.334122
-0.929866,0.249723,0.270163
-0.902898,0.420602,-0.088708
0.863419,0.136484,0.485674
-0.933339,0.036837,0.357101
-0.922460,0.248762,-0.295270
-0.408540,0.220973,0.885588
0.810520,0.274784,0.517254
0.993108,0.117103,0.004750
-0.850019,0.522192,-0.069163
-0.697616,0.716253,0.017700
0.624384,0.243992,-0.742033
0.054786,0.304437,-0.950956
-0.195738,0.291315,-0.936388
0.471400,0.226293,-0.852393
-0.815088,0.253742,-0.520814
0.789229,0.409802,-0.457361
0.298393,0.461697,0.835343
-0.654296,0.287404,0.699496
0.309212,0.327777,-0.892721
0.854290,0.519797,-0.000130
0.860094,0.065416,-0.505925
-0.302375,0.180252,-0.935991
0.763997,0.324959,-0.557414
-0.082152,0.445542,-0.891484
0.320130,0.044806,-0.946313
-0.683623,0.196313,-0.702937
-0.928266,0.153656,-0.338691
-0.505208,0.113733,-0.855470
-0.717139,0.531288,0.451048
0.573112,0.142233,-0.807039
0.090453,0.838520,0.537311
0.748623,0.492083,0.444318
0.927916,0.337709,0.157874
0.055700,0.447366,-0.892615
-0.720891,0.610461,-0.328106
-0.312770,0.602786,0.734046
-0.694298,0.063975,-0.716838
-0.124146,0.003229,-0.992259
0.237705,0.002527,0.971334
-0.393240,0.132385,-0.909855
-0.601714,0.201256,-0.772940
0.437900,0.227676,-0.869717
-0.805023,0.019001,-0.592939
0.061454,0.086461,-0.994358
0.706466,0.676155,0.209093
-0.738234,0.116476,-0.664412
0.578853,0.281641,-0.765250
0.154399,0.575153,-0.803343
0.244646,0.222132,-0.943825
0.665924,0.212518,-0.715110
0.120741,0.248851,-0.960986
0.419293,0.447277,-0.790023
-0.943022,0.112462,0.313149
0.080065,0.036317,-0.996128
0.629691,0.278845,-0.725075
-0.621072,0.189226,-0.760568
-0.937991,0.226196,0.262694
-0.541771,0.120185,0.831890
0.454164,0.513200,-0.728259
0.281351,0.692680,-0.664106
0.318781,0.258582,0.911874
0.801332,0.312093,0.510358
0.913646,0.298397,0.276061
0.502206,0.232089,0.833021
0.837307,0.253982,-0.484159
-0.019938,0.423568,0.905645
-0.869963,0.435559,-0.231197
-0.301892,0.261055,-0.916903
0.622326,0.343929,0.703152
-0.459160,0.529898,0.713008
-0.017142,0.068303,0.997517
0.965251,0.183470,0.186088
0.078205,0.340145,0.937115
0.817840,0.463565,0.340947
0.663542,0.046034,0.746722
0.938142,0.198557,-0.283663
0.726887,0.152249,-0.669668
0.992652,0.115391,-0.036418
-0.081808,0.488336,-0.868813
0.409437,0.146600,0.900483
-0.554244,0.765769,-0.326208
-0.800799,0.489564,0.345032
-0.647842,0.344667,0.679341
0.749217,0.463141,0.473470
0.603761,0.605589,-0.518397
-0.489391,0.559061,-0.669288
0.960325,0.064484,-0.271326
0.928606,0.003310,0.371052
-0.928065,0.002257,-0.372412
0.986473,0.134362,0.093902
0.966555,0.202998,-0.156724
0.535129,0.238115,0.810517
0.902256,0.019061,-0.430780
0.838014,0.088916,0.538355
-0.569634,0.682058,0.458600
0.929881,0.117444,-0.348610
0.362331,0.301731,0.881859
0.616873,0.599966,0.509420
0.700268,0.229291,0.676055
0.275168,0.222413,0.935316
0.778504,0.256737,0.572728
0.471413,0.463245,0.750449
0.173858,0.109024,-0.978717
0.829649,0.037271,0.557040
0.303638,0.290894,0.907295
0.962486,0.191587,-0.192134
0.214381,0.219732,-0.951714
-0.452418,0.113877,-0.884506
0.396332,0.533549,0.747159
0.417150,0.734675,0.535013
-0.942126,0.248462,-0.225089
-0.856069,0.311574,0.412392
-0.718135,0.300483,0.627688
-0.973372,0.229191,-0.004324
-0.022264,0.263663,0.964358
-0.769324,0.409475,-0.490379
0.573563,0.424530,-0.700571
0.953202,0.277659,0.119628
-0.930807,0.338128,0.138809
-0.395638,0.509186,-0.764330
-0.842997,0.065364,-0.533931
-0.663093,0.185037,0.725306
-0.841991,0.326230,-0.429680
-0.735918,0.465814,0.491368
-0.983432,0.045616,0.175442
-0.255059,0.205280,0.944884
0.201853,0.159331,0.966369
-0.487787,0.117244,0.865053
0.798092,0.525983,0.293924
-0.982224,0.143973,-0.120450
0.464928,0.754874,-0.462608
0.052554,0.459366,-0.886691
-0.281235,0.323982,-0.903295
-0.804820,0.461958,0.372638
0.117537,0.639088,0.760100
0.800580,0.574199,-0.171369
-0.266279,0.065912,0.961640
-0.804596,0.003323,0.593814
0.695220,0.002192,-0.718794
-0.593458,0.135756,0.793333
-0.365028,0.206042,0.907910
-0.972299,0.233126,0.016914
-0.097351,0.019595,0.995057
-0.899399,0.088737,0.428027
-0.137133,0.654077,-0.743894
-0.192053,0.121583,0.973824
-0.939635,0.288574,-0.183877
-0.770931,0.594565,0.228382
-0.944635,0.227326,0.236615
-0.940502,0.215184,-0.262966
-0.899088,0.255604,0.355398
-0.890296,0.455379,-0.001687
0.769491,0.113318,0.628524
-0.909638,0.037182,0.413734
-0.932791,0.282491,-0.223830
-0.341851,0.196288,0.919026
0.723984,0.228303,0.650942
0.734869,0.160387,0.658971
-0.645113,0.435295,-0.627971
-0.651841,0.537313,-0.535162
0.866857,0.290617,-0.405093
0.552378,0.304891,-0.775835
0.321003,0.279650,-0.904850
0.864146,0.240025,-0.442312
-0.376793,0.214288,-0.901170
0.872443,0.486489,0.046598
-0.715198,0.467893,0.519200
-0.964505,0.202451,-0.169539
0.656617,0.346594,-0.669871
0.574042,0.642371,0.507775
0.996100,0.082385,0.031594
0.267745,0.172511,-0.947920
0.910541,0.399573,-0.106099
0.296381,0.423969,-0.855809
0.786364,0.046671,-0.615998
-0.201667,0.168422,-0.964865
-0.543560,0.125675,-0.829909
0.056720,0.105299,-0.992822
-0.870612,0.361625,-0.333559
0.919854,0.155004,-0.360337
-0.771074,0.627286,-0.109349
-0.109988,0.672735,0.731663
0.478592,0.484411,0.732322
0.457254,0.444854,-0.770080
-0.475214,0.476292,-0.739809
-0.874961,0.482955,0.034605
-0.156414,0.057785,-0.986000
0.425602,0.003219,-0.904905
-0.940498,0.002213,0.339791
0.190494,0.125785,-0.973597
-0.038812,0.187441,-0.981509
0.790357,0.248167,-0.560132
-0.307263,0.016794,-0.951476
0.577989,0.086683,-0.811428
0.197692,0.828431,0.524041
-0.252707,0.099526,-0.962410
0.795519,0.336301,-0.504036
0.436898,0.581696,-0.686112
0.695852,0.229489,-0.680533
0.922484,0.248229,-0.295644
0.592739,0.251589,-0.765091
0.734769,0.480586,-0.478697
-0.899119,0.093602,-0.427579
0.605675,0.036576,-0.794871
0.893431,0.319513,-0.315741
-0.103097,0.168776,-0.980248
-0.869369,0.188672,-0.456727
-0.958359,0.157587,0.238147
0.853991,0.438679,-0.279749
0.762624,0.540973,-0.354616
-0.124670,0.307315,0.943406
0.391963,0.313498,0.864918
0.626028,0.288436,0.724496
-0.064038,0.245438,0.967295
0.971179,0.219019,0.094034
-0.510653,0.495642,0.702547
-0.131390,0.432157,-0.892175
0.575204,0.196963,-0.793943
0.236429,0.364278,0.900779
-0.747848,0.635735,0.191217
-0.572021,0.084718,0.815852
0.691146,0.176853,0.700742
-0.409096,0.413434,0.813457
0.594257,0.444197,0.670483
0.129513,0.047926,0.990419
0.943723,0.173391,0.281644
0.987606,0.127823,-0.091078
0.838197,0.107965,0.534575
0.675779,0.356542,-0.645136
-0.168585,0.159012,0.972776
0.388353,0.596840,-0.702114
-0.588300,0.617151,-0.522521
-0.884799,0.464666,-0.034888
0.433423,0.462455,0.773486
0.868718,0.486647,-0.092216
0.355110,0.465061,-0.810935
0.938211,0.059032,0.340993
0.572990,0.003317,0.819556
0.095849,0.001993,-0.995394
0.752833,0.128673,0.645512
0.874396,0.190964,0.446054
0.068241,0.259327,0.963376
0.982024,0.017125,0.187980
0.410837,0.089443,0.907311
-0.573404,0.805244,-0.150963
0.966448,0.102241,0.235637
-0.003381,0.361132,0.932509
0.364347,0.608528,0.704943
0.231689,0.237114,0.943450
-0.241857,0.258161,0.935339
0.360823,0.260292,0.895575
0.027246,0.496575,0.867566
0.799706,0.093287,-0.593100
0.382074,0.037642,0.923365
-0.205863,0.331345,0.920777
0.907696,0.173320,0.382162
0.811279,0.188303,-0.553506
0.224735,0.149861,-0.962827
-0.209135,0.450021,0.868184
-0.111134,0.565346,0.817333
-0.742807,0.288229,-0.604287
-0.944076,0.308319,-0.116872
-0.946722,0.285304,0.149393
-0.800158,0.239617,-0.549846
-0.594857,0.222304,0.772481
-0.362377,0.474898,-0.801970
0.845459,0.461349,0.268991
0.391189,0.212169,0.895520
-0.892421,0.350861,-0.283694
0.174167,0.616039,-0.768220
-0.425459,0.079694,-0.901462
-0.958710,0.175586,0.223707
-0.502602,0.389832,-0.771636
-0.889981,0.436932,0.130476
-0.915763,0.046838,-0.398979
-0.742401,0.174874,0.646730
-0.444611,0.130721,0.886134
-0.894865,0.107785,0.433127
0.195901,0.382523,0.902939
-0.751461,0.154172,-0.641512
0.386353,0.667805,0.636213
0.697335,0.624435,-0.351860
0.408488,0.445863,-0.796457
-0.890176,0.452994,-0.048818
-0.394311,0.500792,0.770537
0.521301,0.497375,0.693443
-0.781930,0.059298,0.620539
-0.998255,0.003273,0.058964
0.846736,0.002246,0.532009
-0.943207,0.128063,0.306530
-0.835606,0.191136,0.515004
-0.858426,0.248969,-0.448464
-0.675030,0.017288,0.737588
-0.988475,0.087778,-0.123335
0.376051,0.794271,-0.477199
-0.714136,0.103295,0.692343
-0.792162,0.336212,-0.509354
-0.800643,0.593152,-0.084503
-0.927269,0.231280,-0.294419
-0.681322,0.245131,-0.689718
-0.953178,0.254710,-0.163020
-0.761975,0.481114,-0.433501
0.099546,0.096339,0.990358
-0.987462,0.036970,-0.153467
-0.688061,0.316359,-0.653061
-0.804728,0.173948,0.567587
0.058167,0.194231,0.979230
-0.183333,0.202919,0.961880
-0.190747,0.388902,-0.901316
-0.307768,0.443750,-0.841644
0.914025,0.398845,0.074031
0.883695,0.328175,-0.333743
0.749913,0.291830,-0.593689
0.947918,0.269350,0.170006
0.159194,0.199650,-0.966849
0.558186,0.601905,0.571086
-0.901372,0.339299,-0.269082
-0.664257,0.150858,-0.732123
0.870830,0.407207,-0.275387
-0.121754,0.731103,0.671315
0.712749,0.115189,0.691896
0.751735,0.177554,-0.635113
0.713867,0.541326,0.444251
0.629787,0.446079,-0.635910
0.997929,0.051966,-0.037919
0.321536,0.160718,-0.933158
-0.007358,0.113670,-0.993491
0.593975,0.105534,-0.797531
-0.543660,0.273242,-0.793582
0.945457,0.180362,0.271258
-0.654927,0.398303,-0.642203
-0.829790,0.550394,0.092276
-0.528738,0.544356,0.651239
0.755288,0.482852,-0.443164
-0.067674,0.416918,-0.906421
-0.726000,0.363857,-0.583551
0.418363,0.056366,-0.906529
0.853057,0.003345,-0.521807
-0.881731,0.001291,-0.471751
0.708076,0.128091,-0.694421
0.529481,0.186205,-0.827634
0.951898,0.300247,-0.061171
0.272791,0.015990,-0.961940
0.930211,0.094157,-0.354741
-0.463722,0.830891,0.307543
0.286342,0.094370,-0.953469
0.872269,0.466232,-0.147561
0.637539,0.637852,-0.432076
0.949638,0.257097,-0.179135
0.902232,0.322860,0.285901
0.905345,0.276705,-0.322156
0.831279,0.555844,-0.003580
-0.458475,0.081601,-0.884953
0.949079,0.039611,-0.312538
0.881036,0.402109,0.249165
0.434377,0.164922,-0.885504
-0.423498,0.165277,-0.890692
-0.724857,0.186540,-0.663163
0.879136,0.398033,0.262087
0.882309,0.457173,0.111906
-0.589580,0.412861,0.694220
-0.172321,0.335759,0.926051
0.126089,0.300818,0.945310
-0.642600,0.271949,0.716316
0.764627,0.206196,0.610598
-0.792363,0.593074,0.142915
0.635643,0.333189,-0.696378
0.952783,0.153243,-0.262147
-0.238365,0.424800,0.873342
-0.530334,0.700659,-0.477307
-0.974960,0.112446,0.191856
0.164942,0.182012,0.969364
-0.780219,0.538018,0.319055
0.218898,0.467859,0.856266
-0.489964,0.052834,0.870140
0.652321,0.166806,0.739360
0.872655,0.117192,0.474066
0.390493,0.108531,0.914186
0.951574,0.279642,-0.127698
-0.732984,0.181893,0.655477
0.852248,0.405146,-0.330953
0.269065,0.521952,-0.809426
-0.324467,0.498146,-0.804097
-0.017649,0.500279,0.865684
0.824224,0.432653,0.365330
0.844781,0.366285,-0.390103
0.577890,0.057907,0.814058
0.009824,0.003440,0.999946
0.801542,0.001283,-0.597937
0.240752,0.131146,0.961686
0.450730,0.190344,0.872131
-0.466838,0.309591,0.828382
0.701686,0.016435,0.712297
-0.179454,0.096660,0.979006
-0.069116,0.799522,-0.596647
0.688568,0.097789,0.718548
-0.390083,0.496314,0.775569
0.026379,0.664951,0.746421
-0.347219,0.263370,0.900042
-0.743220,0.326788,0.583810
-0.198390,0.284603,0.937892
-0.445151,0.566716,0.693306
0.996367,0.082929,0.019366
-0.224494,0.040538,0.973632
-0.696657,0.407131,0.590688
0.551039,0.170349,0.816907
0.984340,0.168084,0.053134
0.906740,0.189327,-0.376798
-0.688595,0.400760,0.604340
-0.575227,0.465258,0.672792
-0.326894,0.378506,-0.865952
-0.711534,0.326463,-0.622207
-0.875857,0.293042,-0.383406
-0.305577,0.264262,-0.914761
-0.923609,0.204990,0.323921
0.234733,0.574393,-0.784202
0.266971,0.356524,0.895330
-0.289443,0.159537,0.943806
-0.633266,0.401457,-0.661670
0.651829,0.705869,-0.277251
0.264125,0.106380,-0.958604
-0.916556,0.178316,-0.357951
0.066751,0.507863,-0.858848
-0.848149,0.451215,-0.277577
-0.508338,0.051193,-0.859635
-0.973403,0.164669,0.159282
-0.865308,0.117225,0.487339
-0.984194,0.106673,-0.141364
-0.409064,0.289467,0.865376
-0.212795,0.175537,-0.961200
-0.198811,0.432889,0.879250
0.562674,0.567136,0.601460
0.850777,0.524310,0.035745
-0.737671,0.482471,-0.472295
-0.756711,0.434211,0.488723
-0.119169,0.383110,0.915984
-0.995987,0.057234,0.068802
-0.862870,0.003346,-0.505415
0.080844,0.001390,0.996726
-0.948681,0.128833,-0.288803
-0.980035,0.188052,-0.064558
-0.486213,0.292465,-0.823445
-0.974252,0.016304,0.224872
-0.750976,0.093605,-0.653661
0.532699,0.826468,0.182159
-0.974518,0.096720,0.202385
-0.485577,0.447565,-0.750933
-0.663856,0.638827,-0.388840
-0.602865,0.253804,-0.756398
-0.159806,0.307210,-0.938128
-0.707241,0.274677,-0.651432
-0.386625,0.544516,-0.744328
-0.538245,0.084152,0.838577
-0.724810,0.039344,-0.687825
-0.185053,0.385608,-0.903915
-0.985033,0.167848,0.039201
-0.561177,0.170369,0.809972
-0.593336,0.174232,0.785873
-0.272891,0.373227,-0.886697
-0.447676,0.402992,-0.798238
0.740354,0.649316,0.173970
0.869444,0.375682,-0.320828
0.712921,0.328742,-0.619413
0.913507,0.311146,0.262092
0.066586,0.202230,-0.977072
0.265321,0.689027,0.674424
-0.927314,0.257939,-0.271213
-0.733091,0.126543,-0.668255
0.784477,0.537963,-0.308530
-0.439979,0.676058,0.591070
0.338084,0.150311,0.929035
0.737462,0.195057,-0.646609
0.360927,0.707285,0.607848
0.487404,0.516883,-0.703754
0.997778,0.061033,0.026715
0.220645,0.167783,-0.960815
-0.099626,0.112004,-0.988701
0.558948,0.113720,-0.821368
-0.647800,0.233171,-0.725249
0.894721,0.216697,0.390535
-0.783395,0.301618,-0.543432
-0.922178,0.386765,-0.000656
-0.807897,0.404909,0.428194
0.670496,0.569263,-0.475788
-0.222930,0.400475,-0.888776
-0.787368,0.299993,-0.538568
0.374065,0.059074,-0.925519
0.844208,0.003881,-0.536001
-0.911478,0.000869,-0.411347
0.695693,0.138867,-0.704789
0.509615,0.196199,-0.837734
0.913788,0.405815,-0.017488
0.216375,0.016442,-0.976172
0.930421,0.110221,-0.349525
-0.692538,0.691008,0.207121
0.191752,0.097768,-0.976562
0.574916,0.790936,-0.209504
0.454697,0.751623,-0.477821
0.939149,0.309504,-0.149015
0.766734,0.451871,0.455995
0.888200,0.329127,-0.320587
0.735480,0.675827,0.048240
-0.499921,0.076013,-0.862729
0.954537,0.045940,-0.294531
0.751481,0.534988,0.386089
0.365774,0.174705,-0.914160
-0.468939,0.154707,-0.869576
-0.393235,0.161433,-0.905155
0.906410,0.380938,0.182502
0.910741,0.411835,-0.030717
-0.613447,0.664217,0.427198
-0.179251,0.385371,0.905184
0.166593,0.340235,0.925466
-0.706673,0.313500,0.634295
0.820554,0.208656,0.532121
-0.727346,0.666762,-0.162469
0.661509,0.254351,-0.705486
0.929932,0.127688,-0.344852
-0.176062,0.568023,0.803960
-0.308320,0.646745,-0.697609
-0.957982,0.139813,-0.250445
0.181591,0.200465,0.962725
-0.730908,0.677084,-0.085626
0.353078,0.545831,0.759871
-0.549929,0.062093,0.832900
0.729067,0.174232,0.661894
0.914102,0.115210,0.388774
0.429608,0.117218,0.895375
0.940198,0.236497,-0.245147
-0.811819,0.217561,0.541865
0.830205,0.302548,-0.468213
0.411179,0.373630,-0.831464
-0.007283,0.380342,-0.924817
0.051539,0.593078,0.803493
0.884471,0.413041,0.217045
0.837991,0.300699,-0.455358
0.617586,0.060759,0.784153
0.024846,0.004008,0.999683
0.774350,0.000862,-0.632757
0.255767,0.142475,0.956182
0.469764,0.200794,0.859653
-0.499658,0.420696,0.757203
0.743165,0.016904,0.668894
-0.187951,0.113637,0.975582
0.131367,0.668281,-0.732218
0.757781,0.101331,0.644593
-0.221364,0.855872,0.467419
0.157913,0.786175,0.597488
-0.373824,0.318110,0.871242
-0.823037,0.449138,0.347685
-0.195653,0.340166,0.919786
-0.446605,0.687878,0.572160
0.996672,0.077077,-0.026529
-0.246526,0.047164,0.967988
-0.752299,0.534949,0.384547
0.612092,0.180743,0.769854
0.987594,0.156979,0.004069
0.984472,0.168535,0.049109
-0.633777,0.384516,0.671174
-0.463744,0.421379,0.779346
-0.128998,0.595444,-0.792973
-0.690401,0.373358,-0.619637
-0.879282,0.330772,-0.342716
-0.207081,0.303724,-0.929984
-0.887047,0.208138,0.412100
0.462642,0.655490,-0.596904
0.266569,0.268092,0.925779
-0.197310,0.132456,0.971352
-0.609317,0.530635,-0.589202
0.747761,0.663187,0.032213
0.623307,0.135424,-0.770162
-0.918893,0.196068,-0.342334
0.371717,0.653059,-0.659804
-0.839583,0.528095,-0.127342
-0.448355,0.059846,-0.891850
-0.949341,0.172623,0.262589
-0.814616,0.115634,0.568357
-0.988223,0.115176,-0.100746
-0.293096,0.244797,0.924213
-0.083090,0.209054,-0.974368
-0.047040,0.320577,0.946054
0.512509,0.399201,0.760246
0.815134,0.404653,0.414502
-0.721920,0.570808,-0.391164
-0.661999,0.417744,0.622292
-0.050743,0.312850,0.948446
-0.991372,0.060095,0.116487
-0.869018,0.003884,-0.494765
0.137717,0.000915,0.990471
-0.951279,0.139792,-0.274822
-0.979183,0.198337,-0.043162
-0.415972,0.390936,-0.821058
-0.959343,0.016794,0.281742
-0.742781,0.109434,-0.660531
0.561462,0.696914,0.446174
-0.949231,0.100559,0.298075
-0.356261,0.760854,-0.542383
-0.612265,0.759808,-0.218684
-0.565971,0.304412,-0.766165
0.056807,0.418675,-0.906358
-0.692931,0.326317,-0.642934
-0.289361,0.659112,-0.694148
-0.497059,0.078227,0.864183
-0.708337,0.045549,-0.704403
0.000823,0.503910,-0.863756
-0.977465,0.178363,0.112913
-0.518955,0.159183,0.839849
-0.769019,0.138785,0.623977
-0.402127,0.355201,-0.843876
-0.598421,0.361067,-0.715208
0.018033,0.965773,0.258762
0.819038,0.436511,-0.372337
0.608822,0.372000,-0.700679
0.879026,0.364316,0.307549
-0.094970,0.201792,-0.974813
-0.059377,0.713489,0.698146
-0.953225,0.208160,-0.219161
-0.813229,0.108410,-0.571756
0.541737,0.729338,-0.417837
-0.626109,0.587339,0.512855
-0.190407,0.157134,0.969048
0.666527,0.215308,-0.713711
-0.171528,0.747334,0.641927
0.220983,0.577433,-0.785963
0.996757,0.073447,0.032890
0.040459,0.171908,-0.984282
-0.252369,0.108976,-0.961475
0.452293,0.122272,-0.883448
-0.755150,0.200715,-0.624068
0.836316,0.265722,0.479550
-0.870984,0.238418,-0.429586
-0.955542,0.294854,-0.001099
-0.895543,0.306194,0.322875
0.491429,0.668406,-0.558329
-0.411498,0.374438,-0.830943
-0.853131,0.253831,-0.455783
0.255546,0.061543,-0.964836
0.784733,0.004364,-0.619818
-0.945820,0.000984,-0.324691
0.624473,0.150948,-0.766321
0.423723,0.206521,-0.881934
0.800343,0.599012,-0.025230
0.086139,0.016764,-0.996142
0.898230,0.132244,-0.419159
-0.805108,0.568322,0.169738
0.019917,0.099618,-0.994826
-0.378694,0.894672,-0.236967
0.141635,0.835477,-0.530959
0.903867,0.385685,-0.185126
0.431030,0.635082,0.641002
0.827857,0.402057,-0.391156
0.566086,0.822227,0.059066
-0.588336,0.071080,-0.805486
0.935699,0.054327,-0.348592
0.479974,0.711260,0.513550
0.218100,0.183195,-0.958578
-0.561665,0.144993,-0.814561
-0.177435,0.130954,-0.975381
0.931349,0.361001,0.047612
0.908875,0.365785,-0.200371
-0.325859,0.898327,-0.294660
-0.111166,0.450006,0.886079
0.292296,0.387110,0.874476
-0.731132,0.366633,0.575349
0.899082,0.207548,0.385455
-0.583442,0.681246,-0.442153
0.635387,0.205346,-0.744390
0.883977,0.108711,-0.454717
0.036951,0.782061,0.622106
-0.151354,0.564449,-0.811473
-0.722839,0.141492,-0.676375
0.277217,0.222091,0.934787
-0.490415,0.691549,-0.530333
0.565953,0.610750,0.553788
-0.560493,0.074960,0.824759
0.841465,0.178142,0.510101
0.964702,0.111609,0.238524
0.540083,0.126331,0.832077
0.902033,0.201947,-0.381515
-0.860460,0.265342,0.434973
0.776301,0.237241,-0.584014
0.439302,0.287020,-0.851254
0.131270,0.292792,-0.947123
0.215597,0.700479,0.680329
0.923569,0.382838,0.021361
0.799241,0.253294,-0.545028
0.713252,0.063326,0.698042
0.128510,0.004539,0.991698
0.721766,0.000974,-0.692136
0.346759,0.155307,0.925007
0.552877,0.211595,0.805950
-0.457869,0.626607,0.630650
0.826844,0.017220,0.562168
-0.114242,0.137496,0.983892
0.223551,0.552332,-0.803090
0.860977,0.103023,0.498102
0.277320,0.876215,-0.394132
0.363954,0.869858,0.332992
-0.331898,0.399388,0.854595
-0.796201,0.601560,-0.064736
-0.107526,0.419380,0.901420
-0.375078,0.833966,0.404743
0.988767,0.071826,-0.131075
-0.193479,0.056143,0.979497
-0.720092,0.691289,0.059891
0.727645,0.189587,0.659234
0.983779,0.146610,-0.103369
0.945690,0.137136,0.294726
-0.529517,0.365740,0.765406
-0.310937,0.375818,0.872971
0.307960,0.895059,-0.322536
-0.708042,0.434569,-0.556621
-0.900658,0.376578,-0.216803
-0.148135,0.353853,-0.923496
-0.804244,0.208283,0.556606
0.642655,0.683926,-0.345310
0.318421,0.214415,0.923382
-0.070876,0.112499,0.991121
-0.578455,0.732196,-0.359553
0.777165,0.582515,0.238099
0.910965,0.144130,-0.386483
-0.943467,0.217193,-0.250393
0.660855,0.704030,-0.260025
-0.786163,0.600421,0.146431
-0.436991,0.071710,-0.896603
-0.881846,0.177831,0.436718
-0.712641,0.112622,0.692429
-0.991981,0.124398,0.022333
-0.147169,0.208932,0.966793
0.024225,0.253667,-0.966988
0.094979,0.249303,0.963757
0.517219,0.302437,0.800635
0.764774,0.308823,0.565463
-0.706545,0.677409,-0.204723
-0.512664,0.390317,0.764740
0.053983,0.262533,0.963412
-0.968563,0.062831,0.240701
-0.912996,0.004386,-0.407945
0.224624,0.001022,0.974445
-0.970964,0.152434,-0.184370
-0.976387,0.209318,0.053428
-0.345140,0.570108,-0.745557
-0.912896,0.017174,0.407831
-0.784268,0.131559,-0.606314
0.581963,0.575118,0.574943
-0.880859,0.102940,0.462050
0.102197,0.957091,0.271168
-0.505335,0.859512,0.076655
-0.572839,0.378733,-0.726923
0.368503,0.571444,-0.733251
-0.720638,0.399763,-0.566454
-0.191314,0.801396,-0.566712
-0.400682,0.072998,0.913304
-0.742591,0.053900,-0.667573
0.241590,0.658564,-0.712690
-0.945442,0.188013,0.266065
-0.422369,0.148908,0.894109
-0.891779,0.111049,0.438631
-0.455039,0.333086,-0.825829
-0.659128,0.319130,-0.680960
-0.743167,0.657563,0.123752
0.766205,0.514401,-0.385125
0.512307,0.417032,-0.750750
0.793069,0.435850,0.425531
-0.183347,0.196232,-0.963264
-0.414427,0.664072,0.622302
-0.952348,0.173237,-0.251043
-0.827427,0.093408,-0.553751
0.052749,0.867507,-0.494620
-0.774981,0.501732,0.384278
-0.655558,0.127447,0.744312
0.624125,0.237524,-0.744346
-0.630896,0.609405,0.480204
-0.051023,0.588562,-0.806840
0.989364,0.092653,0.112132
-0.076394,0.170243,-0.982436
-0.324042,0.103707,-0.940341
0.385885,0.130019,-0.913339
-0.784235,0.173056,-0.595841
0.677779,0.334882,0.654575
-0.889410,0.193831,-0.413980
-0.969170,0.236236,-0.070016
-0.951896,0.241860,0.188145
0.259505,0.749454,-0.609078
-0.505622,0.340114,-0.792887
-0.864294,0.217510,-0.453525
0.192480,0.063296,-0.979257
0.739337,0.005214,-0.673316
-0.942527,0.000577,-0.334129
0.589437,0.163837,-0.791025
0.387662,0.215935,-0.896153
0.382430,0.923910,-0.011752
0.020603,0.016897,-0.999645
0.873435,0.163966,-0.458504
-0.877302,0.473345,0.079285
-0.085606,0.098465,-0.991452
-0.825427,0.528164,-0.199282
-0.184989,0.822769,-0.537430
0.844211,0.504050,-0.182323
-0.286490,0.683310,0.671574
0.744361,0.503829,-0.438272
0.267571,0.959483,0.088302
-0.605876,0.065935,-0.792822
0.930131,0.066539,-0.361149
-0.091247,0.809574,0.579883
0.121183,0.187548,-0.974752
-0.582728,0.134868,-0.801398
0.038530,0.106464,-0.993570
0.941209,0.337763,-0.006420
0.908682,0.322090,-0.265623
0.169983,0.605722,-0.777307
-0.076687,0.532764,0.842782
0.386724,0.435988,0.812625
-0.789896,0.435921,0.431321
0.932193,0.201278,0.300839
-0.347580,0.631745,-0.692883
0.668127,0.171477,-0.724018
0.877291,0.093567,-0.470751
0.353660,0.916596,0.186482
0.031102,0.485711,-0.873566
-0.333542,0.116577,-0.935500
0.325868,0.245849,0.912890
-0.139021,0.567700,-0.811412
0.722208,0.617392,0.311836
-0.633257,0.094642,0.768133
0.897932,0.175902,0.403455
0.980576,0.105897,0.165093
0.601172,0.134576,0.787707
0.893074,0.173737,-0.415011
-0.924184,0.328769,0.194410
0.777197,0.192901,-0.598961
0.513239,0.231732,-0.826369
0.279669,0.234385,-0.931047
0.379088,0.785387,0.489346
0.935070,0.345900,-0.077449
0.805864,0.217080,-0.550871
0.758273,0.065140,0.648675
0.198246,0.005467,0.980137
0.734424,0.000572,-0.678691
0.386536,0.169002,0.906658
0.583955,0.221450,0.780997
-0.278329,0.943075,0.182053
0.862844,0.017342,0.505173
-0.072620,0.172335,0.982358
0.341118,0.463043,-0.818065
0.910344,0.101562,0.401196
0.499729,0.508094,-0.701506
0.533098,0.844994,0.042341
-0.315169,0.526060,0.789892
-0.461091,0.613376,-0.641221
-0.029094,0.531160,0.846772
-0.252142,0.960743,0.115750
0.986295,0.066545,-0.150974
-0.185714,0.069304,0.980157
-0.484027,0.752801,-0.446103
0.791422,0.193985,0.579673
0.982550,0.136194,-0.126678
0.853364,0.111281,0.509300
-0.486442,0.342452,0.803804
-0.249886,0.330618,0.910082
0.575870,0.677850,0.457048
-0.689667,0.512547,-0.511522
-0.898384,0.424674,-0.112064
-0.003181,0.419773,-0.907624
-0.749078,0.202616,0.630737
0.761297,0.648322,-0.010280
0.284601,0.177758,0.942022
-0.049931,0.096405,0.994089
-0.406189,0.909421,0.089245
0.743933,0.502461,0.440565
0.986375,0.123221,0.108996
-0.949618,0.240221,-0.201295
0.769007,0.600716,0.218561
-0.671388,0.619887,0.406174
-0.357163,0.089579,-0.929737
-0.821679,0.176477,0.541940
-0.656870,0.107068,0.746363
-0.986634,0.132700,0.094570
-0.109000,0.179069,0.977780
0.247521,0.314468,-0.916430
0.112450,0.200950,0.973126
0.456593,0.241872,0.856167
0.672861,0.245343,0.697900
-0.638081,0.769760,0.017955
-0.429956,0.353388,0.830816
0.058506,0.223912,0.972852
-0.950559,0.064745,0.303721
-0.937074,0.005263,-0.349091
0.208463,0.000595,0.978030
-0.975640,0.165788,-0.143671
-0.971393,0.219166,0.091446
-0.104652,0.880935,-0.461520
-0.883425,0.017331,0.468251
-0.801088,0.163303,-0.575838
0.536618,0.480531,0.693636
-0.824881,0.101912,0.556044
0.329307,0.568472,0.753921
-0.348434,0.858102,0.377167
-0.530266,0.492930,-0.689810
0.744616,0.635884,-0.202976
-0.715386,0.502860,-0.485135
-0.015440,0.940013,-0.340790
-0.380630,0.067579,0.922255
-0.744950,0.065930,-0.663854
0.574705,0.760516,-0.302208
-0.912420,0.193066,0.360854
-0.400038,0.138247,0.906012
-0.937552,0.089835,-0.336043
0.078549,0.311008,-0.947156
-0.176272,0.282194,-0.943024
-0.749615,0.390687,-0.534268
0.778283,0.624304,0.067230
0.773106,0.466125,-0.430157
0.156931,0.530830,0.832822
0.345815,0.188575,-0.919158
-0.828146,0.560377,-0.012342
-0.594101,0.147189,-0.790809
-0.347371,0.081512,-0.934178
-0.135481,0.742792,-0.655672
-0.853599,0.423195,-0.303766
-0.987863,0.093302,-0.124185
0.917217,0.265161,-0.297325
-0.855535,0.445859,-0.263193
0.197945,0.549230,-0.811890
0.630029,0.128319,0.765897
0.418391,0.165386,-0.893082
0.232271,0.097889,-0.967713
0.802538,0.137964,-0.580430
-0.301624,0.150680,-0.941445
-0.237743,0.413415,0.878958
-0.478050,0.161521,-0.863354
-0.705905,0.194631,-0.681042
-0.834833,0.195799,-0.514506
0.327293,0.777015,-0.537705
-0.016617,0.306145,-0.951840
-0.426573,0.188784,-0.884531
0.685312,0.064666,-0.725373
0.976343,0.006316,-0.216137
-0.546045,0.000580,-0.837755
0.922932,0.179463,-0.340573
0.817714,0.226272,-0.529286
-0.387934,0.865068,-0.318064
0.554191,0.016778,-0.832220
0.974487,0.218484,0.051385
-0.738344,0.397260,-0.545008
0.426310,0.095737,-0.899496
-0.632962,0.333143,-0.698838
-0.078845,0.726241,-0.682904
0.656177,0.712743,0.247850
-0.870397,0.479730,-0.110765
0.751053,0.654703,-0.085343
-0.182403,0.982971,-0.022304
-0.031730,0.061229,-0.997619
0.970363,0.087645,0.225197
-0.759094,0.650610,-0.021988
0.593252,0.189511,-0.782392
-0.011071,0.125491,-0.992033
0.732905,0.089100,-0.674471
0.785666,0.318405,0.530421
0.910038,0.289179,0.296995
0.793127,0.392195,-0.465975
-0.485826,0.635781,0.599796
-0.042687,0.485678,0.873095
-0.798112,0.510563,-0.319911
0.626599,0.194758,0.754615
0.387009,0.547129,-0.742209
0.977676,0.148949,-0.148205
0.986288,0.083097,0.142590
0.609911,0.783798,0.116915
0.666226,0.420283,-0.616041
0.550633,0.090675,-0.829808
-0.227259,0.272785,0.934848
0.609843,0.438547,-0.660127
0.602523,0.579785,0.548467
-0.987883,0.124618,0.092511
0.566416,0.171937,0.805984
0.727805,0.100806,0.678335
0.085949,0.142660,0.986033
0.970519,0.153938,0.185461
-0.636529,0.383469,-0.669165
0.986260,0.164541,-0.014733
0.932051,0.196192,-0.304613
0.843519,0.195864,-0.500113
0.277249,0.813783,0.510774
0.839102,0.315359,0.443233
0.980263,0.191935,0.047396
0.278474,0.066652,0.958128
-0.343667,0.006570,0.939069
0.996408,0.000589,-0.084676
-0.188443,0.184180,0.964659
0.036909,0.231662,0.972096
0.383394,0.864437,-0.325206
0.441898,0.017282,0.896899
-0.589946,0.225747,0.775243
0.825819,0.398471,-0.399055
0.568159,0.099347,0.816900
0.898838,0.340195,-0.276329
0.618927,0.753478,0.221812
-0.599985,0.717358,0.354140
0.459639,0.461013,-0.759077
-0.360534,0.680146,0.638292
0.067306,0.973533,-0.218411
0.885496,0.062434,0.460434
-0.727268,0.089221,0.680530
0.333398,0.624712,-0.706102
0.375954,0.196632,0.905535
0.870203,0.128005,0.475774
0.205021,0.092738,0.974354
-0.864155,0.317696,0.390263
-0.733972,0.290991,0.613685
-0.043884,0.423724,0.904727
-0.293039,0.607336,-0.738425
-0.730527,0.465099,-0.500013
0.641593,0.506161,-0.576333
-0.972062,0.192444,0.134393
0.441820,0.573427,0.689910
-0.383918,0.151896,0.910788
-0.639232,0.084026,0.764410
-0.475279,0.797776,0.371030
0.187609,0.434430,0.880950
0.438988,0.097225,0.893217
-0.690301,0.262873,-0.674079
0.246695,0.467005,0.849145
-0.799789,0.571432,0.183856
0.359753,0.119225,-0.925399
-0.984259,0.168998,0.051709
-0.959844,0.100060,0.262084
-0.888362,0.138385,-0.437793
-0.669212,0.155528,0.726613
0.872874,0.390549,-0.292512
-0.508725,0.167656,0.844447
-0.226448,0.201499,0.952953
-0.008700,0.202666,0.979209
-0.604064,0.792829,-0.080803
-0.822508,0.315560,0.473182
-0.554018,0.194550,0.809453
-0.963519,0.065209,-0.259575
-0.633792,0.006197,-0.773479
-0.450801,0.000601,0.892624
-0.734716,0.178347,-0.654511
-0.854596,0.226492,-0.467298
0.004572,0.928300,0.371804
-0.995767,0.016992,-0.090325
-0.386577,0.209310,-0.898191
-0.087579,0.409480,0.908106
-0.993966,0.097717,0.049833
-0.267555,0.360512,0.893558
-0.540278,0.757901,0.365631
-0.056559,0.671291,-0.739033
0.413550,0.505979,0.756943
-0.391839,0.634987,-0.665774
0.115113,0.988707,0.095959
-0.853785,0.062481,0.516863
-0.244282,0.083651,-0.966089
0.427403,0.675140,0.601259
-0.968742,0.192119,-0.156934
-0.859139,0.128039,0.495466
