-0.937588,0.089655,-0.335992
0.077557,0.310650,-0.947355
-0.176223,0.281563,-0.943222
-0.749965,0.390374,-0.534005
0.778218,0.624356,0.067503
0.772642,0.466084,-0.431034
0.156816,0.531082,0.832683
0.346716,0.188249,-0.918885
-0.827626,0.561133,-0.012822
-0.594433,0.148558,-0.790304
-0.347916,0.080938,-0.934026
-0.134635,0.743059,-0.655543
-0.853657,0.423356,-0.303381
-0.987988,0.093119,-0.123325
0.917044,0.265524,-0.297535
-0.855160,0.446017,-0.264139
0.197608,0.549527,-0.811770
0.630055,0.127344,0.766038
0.417435,0.165110,-0.893581
0.233148,0.098102,-0.967480
0.802507,0.138050,-0.580452
-0.301966,0.151595,-0.941188
-0.237359,0.412708,0.879393
-0.477341,0.162314,-0.863597
-0.705753,0.194787,-0.681154
-0.835037,0.194831,-0.514542
0.326720,0.776827,-0.538326
-0.017650,0.306572,-0.951684
-0.426552,0.188630,-0.884575
0.684471,0.064979,-0.726138
0.976374,0.005888,-0.216007
-0.544911,0.000587,-0.838494
0.922817,0.179175,-0.341036
0.818152,0.226172,-0.528652
-0.387286,0.865664,-0.317231
0.553403,0.016820,-0.832743
0.974450,0.218769,0.050859
-0.737931,0.397038,-0.545728
0.426040,0.094538,-0.899752
-0.633611,0.332675,-0.698473
-0.078060,0.726145,-0.683096
0.657102,0.711798,0.248115
-0.869928,0.480498,-0.111119
0.751177,0.654481,-0.085950
-0.182143,0.983037,-0.021515
-0.030693,0.061978,-0.997605
0.970456,0.087379,0.224901
-0.759057,0.650638,-0.022398
0.593511,0.189991,-0.782079
-0.011195,0.125229,-0.992065
0.732704,0.088993,-0.674704
0.785878,0.318086,0.530300
0.910202,0.288272,0.297375
0.793395,0.392958,-0.464874
-0.485770,0.635970,0.599642
-0.043395,0.486420,0.872647
-0.798419,0.510806,-0.318754
0.626570,0.194601,0.754679
0.386649,0.547077,-0.742435
0.977612,0.149010,-0.148562
0.986354,0.083986,0.141603
0.609786,0.783906,0.116845
0.666398,0.420351,-0.615808
0.551662,0.089886,-0.829210
-0.227691,0.272674,0.934776
0.610304,0.437889,-0.660138
0.602644,0.579842,0.548273
-0.987929,0.124474,0.092207
0.566109,0.172448,0.806090
0.727179,0.100389,0.679068
0.085498,0.142400,0.986110
0.970460,0.154777,0.185071
-0.636954,0.382845,-0.669118
0.986282,0.164420,-0.014624
0.932186,0.195544,-0.304617
0.843344,0.195991,-0.500358
0.277727,0.813591,0.510820
0.839485,0.316116,0.441968
0.980269,0.191730,0.048080
0.278642,0.066736,0.958074
-0.343599,0.006601,0.939093
0.996367,0.000358,-0.085160
-0.187977,0.183886,0.964806
0.036716,0.232159,0.971985
0.383557,0.864422,-0.325051
0.442009,0.017299,0.896844
-0.589234,0.226343,0.775611
0.825953,0.398086,-0.399160
0.568030,0.099658,0.816952
0.899060,0.340379,-0.275380
0.618192,0.753712,0.223064
-0.600059,0.717223,0.354289
0.459595,0.460994,-0.759116
-0.359689,0.680496,0.638396
0.067844,0.973769,-0.217191
0.885187,0.062224,0.461055
-0.727087,0.090342,0.680576
0.333263,0.625288,-0.705656
0.375993,0.197512,0.905328
0.870065,0.128097,0.476003
0.204710,0.092582,0.974434
-0.863964,0.318115,0.390346
-0.734588,0.289928,0.613451
-0.043410,0.424934,0.904183
-0.293442,0.606944,-0.738587
-0.729951,0.465561,-0.500423
0.641852,0.505573,-0.576560
-0.971964,0.192613,0.134854
0.442227,0.573380,0.689689
-0.384170,0.151580,0.910734
-0.640172,0.084308,0.763592
-0.475229,0.798206,0.370167
0.187454,0.433721,0.881333
0.438851,0.096786,0.893332
-0.690763,0.262502,-0.673750
0.247049,0.467350,0.848852
-0.800185,0.570857,0.183917
0.360286,0.118839,-0.925241
-0.984163,0.169460,0.052026
-0.959782,0.099768,0.262420
-0.888207,0.138297,-0.438135
-0.669086,0.155260,0.726787
0.872620,0.390763,-0.292983
-0.508428,0.167163,0.844724
-0.226483,0.201297,0.952988
-0.008365,0.202088,0.979332
-0.604510,0.792475,-0.080942
-0.822987,0.314784,0.472868
-0.554775,0.194326,0.808988
-0.963252,0.065490,-0.260492
-0.633440,0.005636,-0.773771
-0.450950,0.000377,0.892549
-0.735378,0.177699,-0.653943
-0.854684,0.226762,-0.467005
0.004081,0.928637,0.370966
-0.995743,0.016730,-0.090641
-0.386006,0.210041,-0.898266
-0.086410,0.409146,0.908368
-0.993925,0.098087,0.049917
-0.267285,0.360515,0.893637
-0.540292,0.757574,0.366287
-0.056721,0.670965,-0.739317
0.413804,0.504679,0.757671
-0.392545,0.634654,-0.665675
0.115233,0.988692,0.095968
-0.853232,0.062100,0.517820
-0.243993,0.083355,-0.966188
0.428227,0.674838,0.601012
-0.968642,0.191914,-0.157803
-0.859138,0.127981,0.495482
-0.540524,0.076103,-0.837880
0.584976,0.312506,-0.748427
0.351468,0.273338,-0.895408
-0.411736,0.287309,-0.864828
0.410205,0.775844,0.479372
0.820972,0.570299,0.027644
-0.642321,0.530187,0.553467
0.780829,0.197405,-0.592737
-0.669896,0.456830,-0.585274
-0.042113,0.135423,-0.989893
0.226171,0.077791,-0.970976
-0.074053,0.626442,-0.775942
-0.506476,0.367503,-0.780015
-0.694588,0.070326,-0.715962
0.895450,0.318261,0.311255
-0.565539,0.344116,-0.749500
0.450282,0.559934,-0.695500
-0.367655,0.154321,0.917069
0.815011,0.176550,-0.551894
0.719159,0.100594,-0.687525
0.987019,0.158917,-0.023231
0.258433,0.142562,-0.955452
-0.911500,0.351237,0.214009
0.064106,0.149503,-0.986681
-0.195874,0.172855,-0.965274
-0.377781,0.170134,-0.910130
0.351077,0.827277,-0.438586
0.475676,0.301103,-0.826480
0.139024,0.176697,-0.974397
0.975068,0.071917,-0.209929
0.910566,0.008289,0.413280
0.012646,0.001221,-0.999919
0.934087,0.209709,0.288970
0.965578,0.252581,0.062138
-0.469881,0.577532,-0.667584
0.924922,0.017218,-0.379768
0.645281,0.335472,0.686346
-0.292779,0.353341,-0.888499
0.832701,0.102711,-0.544114
-0.251627,0.261553,-0.931812
0.131304,0.680162,-0.721206
-0.066405,0.918331,0.390203
-0.667648,0.331354,-0.666671
0.402079,0.889332,0.217763
-0.377791,0.861313,-0.339725
0.543020,0.060555,-0.837533
0.486102,0.125981,0.864774
-0.665039,0.466153,-0.583460
0.914427,0.210013,-0.346002
0.556614,0.124562,-0.821380
0.993699,0.077749,-0.080736
0.350635,0.321459,0.879613
0.602851,0.281050,0.746713
0.954049,0.299221,0.016051
-0.645167,0.762398,0.050085
-0.479593,0.583866,0.655051
-0.180139,0.504938,-0.844149
0.108810,0.204850,0.972726
0.824672,0.459947,-0.329189
0.884387,0.138541,0.445719
0.732619,0.079849,0.675939
0.702454,0.663978,0.256305
0.924787,0.372642,-0.076857
0.953368,0.071434,-0.293234
-0.747258,0.321960,0.581333
0.921313,0.351273,-0.166705
0.362731,0.593364,0.718572
-0.601670,0.141659,-0.786082
0.050828,0.184065,0.981599
0.226997,0.104013,0.968325
-0.504750,0.162741,0.847787
0.703217,0.148657,0.695260
0.222728,0.334995,-0.915517
0.831192,0.151859,0.534845
0.939189,0.178378,0.293436
0.979878,0.172791,0.099908
0.171091,0.863375,0.474670
0.477357,0.313189,0.821001
0.781123,0.181492,0.597418
-0.329860,0.072486,0.941243
-0.857562,0.008702,0.514306
0.867652,0.000711,0.497171
-0.743078,0.211512,0.634900
-0.559453,0.255996,0.788339
0.781153,0.598353,-0.178251
-0.154010,0.017832,0.987908
-0.940100,0.323567,0.107314
0.917822,0.360338,0.166610
0.035983,0.105561,0.993762
0.940737,0.273877,0.200011
0.550052,0.711603,0.437108
-0.353076,0.867196,-0.351153
0.888427,0.335966,-0.312770
-0.448801,0.883812,0.132117
0.447075,0.866136,-0.223456
0.451202,0.063339,0.890171
-0.988596,0.118786,-0.092557
0.808991,0.471039,-0.351648
-0.184441,0.217056,0.958576
0.432522,0.127313,0.892589
-0.453349,0.078843,0.887839
-0.935815,0.315504,-0.157185
-0.953452,0.277746,0.117420
-0.543687,0.308088,0.780696
0.235820,0.740317,-0.629539
-0.343983,0.552946,-0.758898
0.821308,0.524050,0.225443
-0.889561,0.197811,-0.411768
-0.154815,0.474784,0.866379
-0.843459,0.138119,0.519134
-0.959759,0.079581,0.269313
-0.629226,0.669774,0.394307
-0.419136,0.377648,0.825655
-0.259594,0.074792,0.962817
-0.149444,0.306862,-0.939948
-0.356170,0.362542,0.861224
-0.812028,0.574449,-0.103047
0.967064,0.145297,-0.208987
-0.866245,0.177394,-0.467066
-0.946066,0.100910,-0.307857
-0.483763,0.156432,-0.861105
-0.961594,0.146369,0.232192
0.690454,0.357986,0.628585
-0.894600,0.152698,0.419970
-0.744916,0.178070,0.642955
-0.602509,0.175289,0.778625
-0.522763,0.837909,-0.156933
-0.950929,0.308092,-0.028529
-0.919152,0.181313,0.349693
-0.644970,0.070281,-0.760969
-0.053797,0.007906,-0.998521
-0.879430,0.000130,0.476028
-0.192344,0.203923,-0.959906
-0.407021,0.247877,-0.879142
-0.312760,0.635152,0.706232
-0.771518,0.019773,-0.635901
0.298350,0.301918,-0.905446
-0.624178,0.362690,0.691996
-0.869007,0.102371,-0.484095
-0.690574,0.277345,0.667973
-0.681933,0.704309,0.197270
0.418848,0.874473,-0.244669
-0.221029,0.354819,0.908433
0.046380,0.843944,-0.534422
-0.069846,0.891989,0.446630
-0.995401,0.061865,-0.073139
0.505471,0.114051,-0.855272
-0.144074,0.496256,0.856138
-0.730788,0.208183,-0.650084
-0.987834,0.126391,-0.090606
-0.586456,0.067968,-0.807125
0.547067,0.336393,-0.766523
0.274771,0.285763,-0.918063
-0.576278,0.244855,-0.779711
0.034313,0.848649,0.527842
0.665086,0.741999,0.084246
-0.800288,0.440696,0.406603
0.750885,0.225575,-0.620715
-0.728440,0.395402,-0.559492
-0.103816,0.132592,-0.985719
0.163692,0.078700,-0.983367
-0.418326,0.554612,-0.719311
-0.555186,0.337468,-0.760187
-0.748837,0.060094,-0.660024
0.803641,0.395319,0.444842
-0.658807,0.296701,-0.691333
0.199301,0.622056,-0.757183
-0.706058,0.125575,0.696931
0.775648,0.207671,-0.596023
0.689373,0.111418,-0.715787
0.979491,0.197516,0.039803
0.188053,0.147338,-0.971044
-0.959689,0.265511,0.092198
-0.024856,0.148245,-0.988638
-0.265922,0.167209,-0.949382
-0.440496,0.158065,-0.883730
0.012012,0.883880,-0.467559
0.392069,0.324519,-0.860796
0.075208,0.178960,-0.980977
0.980303,0.084956,-0.178294
0.746408,0.013678,0.665348
-0.061294,0.000869,-0.998119
0.875612,0.253561,0.411108
0.946703,0.290657,0.138827
-0.713740,0.432143,-0.551205
0.927598,0.020731,-0.373005
0.042443,0.436643,0.898633
-0.358055,0.334959,-0.871550
0.805142,0.120481,-0.580716
-0.437432,0.234507,-0.868136
-0.117579,0.676372,-0.727115
-0.600849,0.749641,0.277523
-0.764817,0.264670,-0.587371
-0.204351,0.954086,0.218998
-0.594275,0.733271,-0.330379
0.524499,0.064432,-0.848970
-0.038447,0.143429,0.988914
-0.768216,0.371188,-0.521598
0.900040,0.253332,-0.354613
0.535904,0.131992,-0.833897
0.988558,0.070190,-0.133513
0.386433,0.345771,0.855051
0.661725,0.294557,0.689461
0.954032,0.251005,-0.163764
-0.495471,0.817469,-0.293688
-0.455927,0.757304,0.467570
0.022519,0.424624,-0.905090
0.148052,0.232906,0.961163
0.832321,0.397012,-0.386811
0.912212,0.135140,0.386790
0.776216,0.081604,0.625163
0.815790,0.573056,-0.078065
0.930832,0.342162,-0.128360
0.930667,0.059952,-0.360923
-0.816094,0.393531,0.423230
0.915206,0.299261,-0.269889
0.548933,0.657977,0.515499
-0.269455,0.116515,-0.955938
0.109004,0.217947,0.969854
0.266126,0.115508,0.956993
-0.563959,0.202703,0.800539
0.753183,0.152314,0.639934
0.359617,0.256985,-0.897014
0.876297,0.150939,0.457516
0.960118,0.170254,0.221781
0.986507,0.160517,0.032216
0.367735,0.912936,0.176970
0.549263,0.336564,0.764876
0.817598,0.184221,0.545524
-0.364819,0.086809,0.927023
-0.978841,0.013211,0.204194
0.902614,-0.000263,0.430450
-0.820800,0.254831,0.511222
-0.619030,0.294583,0.728027
0.795879,0.435085,-0.421042
-0.162902,0.021224,0.986414
-0.782206,0.389084,-0.486587
0.934559,0.341146,0.101086
0.080321,0.124296,0.988989
0.970364,0.241588,0.005316
0.679366,0.701668,0.214764
0.003599,0.704032,-0.710159
0.867092,0.265617,-0.421425
-0.147871,0.911833,-0.383008
0.550866,0.730732,-0.403209
0.473707,0.066098,0.878199
-0.812308,0.129977,-0.568561
0.808149,0.371138,-0.457330
-0.174354,0.264147,0.948592
0.453296,0.136223,0.880890
-0.401081,0.072045,0.913205
-0.933308,0.339519,-0.116888
-0.936005,0.291926,0.196657
-0.379542,0.259239,0.888112
0.462381,0.814555,-0.350291
-0.209778,0.716279,-0.665536
0.777626,0.442504,0.446641
-0.899002,0.225113,-0.375659
-0.103367,0.409120,0.906607
-0.807900,0.136211,0.573362
-0.940314,0.080846,0.330567
-0.399786,0.596682,0.695803
-0.376948,0.348967,0.857981
-0.181960,0.062292,0.981331
0.011165,0.377382,-0.925991
-0.257085,0.309917,0.915346
-0.746692,0.649000,0.145773
0.973625,0.122987,0.192165
-0.883559,0.210010,-0.418592
-0.956086,0.112237,-0.270743
-0.416539,0.192540,-0.888495
-0.940963,0.151047,0.302940
0.600247,0.270785,0.752581
-0.851922,0.152182,0.501068
-0.695396,0.170822,0.698029
-0.546919,0.162599,0.821244
-0.381099,0.911507,0.154659
-0.941619,0.331554,0.058528
-0.893669,0.182808,0.409800
-0.616231,0.083704,-0.783105
0.234810,0.011180,-0.971977
-0.840895,-0.000049,0.541198
-0.053899,0.244977,-0.968029
-0.328469,0.285359,-0.900377
-0.082561,0.464232,0.881857
-0.764318,0.021490,-0.644481
0.738823,0.387297,-0.551490
-0.576721,0.344569,0.740719
-0.886241,0.120267,-0.447339
-0.534040,0.248605,0.808082
-0.563629,0.706745,0.427591
0.597128,0.750366,0.283528
-0.101668,0.279163,0.954846
0.351863,0.934875,-0.046924
0.044223,0.759454,0.649057
-0.996575,0.065293,-0.050754
0.850594,0.131612,-0.509086
-0.038259,0.389379,0.920283
-0.726311,0.251765,-0.639599
-0.988779,0.133145,-0.067744
-0.671949,0.063859,-0.737839
0.442094,0.359959,-0.821573
0.122206,0.293099,-0.948240
-0.720423,0.207524,-0.661758
-0.320481,0.804615,0.499887
0.338165,0.935110,0.105894
-0.864201,0.370741,0.340158
0.654260,0.257839,-0.710959
-0.799885,0.346089,-0.490313
-0.231063,0.130199,-0.964188
0.028004,0.080562,-0.996356
-0.668062,0.453768,-0.589736
-0.641458,0.311479,-0.701079
-0.821721,0.050564,-0.567642
0.667021,0.494342,0.557413
-0.758820,0.256163,-0.598809
-0.149771,0.626970,-0.764511
-0.831225,0.097837,0.547259
0.657279,0.248825,-0.711386
0.590966,0.124636,-0.797010
0.964563,0.258535,0.052712
0.042360,0.150017,-0.987776
-0.974752,0.210898,0.073357
-0.177944,0.146398,-0.973090
-0.389986,0.159486,-0.906904
-0.548022,0.147264,-0.823399
-0.354484,0.826015,-0.438224
0.229368,0.342892,-0.910942
-0.057343,0.178474,-0.982272
0.970711,0.103310,-0.216905
0.286601,0.018720,0.957867
-0.199475,0.000414,-0.979903
0.802492,0.312909,0.508030
0.924840,0.342505,0.165413
-0.845995,0.327946,-0.420409
0.897192,0.025399,-0.440909
-0.564353,0.360990,0.742423
-0.469736,0.316679,-0.824052
0.707554,0.142211,-0.692202
-0.618027,0.205078,-0.758937
-0.382274,0.628653,-0.677246
-0.814180,0.544678,0.201090
-0.848529,0.216842,-0.482678
-0.640353,0.748639,0.171719
-0.740898,0.611467,-0.277811
0.436378,0.067560,-0.897224
-0.486245,0.124987,0.864837
-0.851134,0.305094,-0.427187
0.838694,0.316460,-0.443221
0.447894,0.139811,-0.883088
0.968678,0.064103,-0.239904
0.489375,0.370346,0.789529
0.765787,0.303779,0.566823
0.916772,0.208823,-0.340474
-0.296845,0.767309,-0.568437
-0.313933,0.938092,0.146389
0.112759,0.359521,-0.926299
0.277999,0.268985,0.922152
0.807119,0.345672,-0.478613
0.955422,0.133021,0.263578
0.856220,0.082265,0.510019
0.818597,0.458568,-0.345853
0.920829,0.313773,-0.231561
0.885490,0.052386,-0.461697
-0.841118,0.488810,0.231485
0.881924,0.256449,-0.395530
0.730593,0.654591,0.194280
-0.083862,0.094266,-0.992009
0.274424,0.263777,0.924723
0.391815,0.128833,0.910979
-0.579158,0.265848,0.770650
0.841031,0.154303,0.518514
0.390501,0.206651,-0.897109
0.938772,0.148393,0.310943
0.982469,0.161467,0.093186
0.984589,0.149962,-0.089977
0.522921,0.837451,-0.158839
0.678190,0.357318,0.642170
0.885410,0.182477,0.427494
-0.332229,0.107152,0.937092
-0.941646,0.016367,-0.336206
0.954516,-0.000674,0.298160
-0.868014,0.311251,0.386878
-0.632143,0.346947,0.692837
0.749240,0.328213,-0.575252
-0.091705,0.025944,0.995448
-0.378244,0.322689,-0.867642
0.946849,0.321101,-0.019256
0.231362,0.150716,0.961122
0.956987,0.208000,-0.202268
0.763658,0.644007,-0.045621
0.183147,0.519514,-0.834603
0.817232,0.217397,-0.533733
0.112015,0.711933,-0.693256
0.579694,0.605932,-0.544794
0.559804,0.069535,0.825703
-0.505818,0.114486,-0.855009
0.769214,0.302706,-0.562743
-0.070824,0.333791,0.939983
0.542580,0.144677,0.827451
-0.297792,0.064910,0.952421
-0.930693,0.365802,0.000147
-0.888138,0.301867,0.346536
-0.197098,0.217728,0.955901
0.618067,0.785222,-0.037663
-0.023123,0.905129,-0.424509
0.750922,0.372863,0.545059
-0.931581,0.260787,-0.253274
-0.006636,0.356223,0.934377
-0.725200,0.132830,0.675604
-0.884547,0.082184,0.459155
-0.150452,0.482690,0.862772
-0.280293,0.319830,0.905066
-0.063511,0.052779,0.996585
0.175728,0.466420,-0.866932
-0.123432,0.265342,0.956221
-0.580579,0.664031,0.471159
0.914458,0.097631,0.392726
-0.929755,0.253997,-0.266536
-0.980954,0.126799,-0.147143
-0.386895,0.248972,-0.887877
-0.884848,0.153156,0.439986
0.583632,0.216008,0.782761
-0.761449,0.149804,0.630677
-0.593552,0.164955,0.787709
-0.438897,0.152322,0.885532
-0.169684,0.861621,0.478347
-0.907579,0.352758,0.227735
-0.828422,0.183957,0.529035
-0.639472,0.102218,-0.761989
0.661429,0.015646,-0.749845
-0.755427,-0.000384,0.655233
0.064815,0.298625,-0.952167
-0.292403,0.333682,-0.896190
0.097270,0.346795,0.932884
-0.806196,0.024053,-0.591159
0.939094,0.343637,0.003920
-0.477125,0.325188,0.816459
-0.937119,0.145068,-0.317434
-0.339998,0.214796,0.915567
-0.381791,0.660047,0.646973
0.631677,0.554002,0.542279
0.032163,0.225772,0.973649
0.527802,0.757944,0.383335
0.162823,0.630803,0.758668
-0.996437,0.068558,0.049123
0.988724,0.118986,-0.090924
0.082397,0.315593,0.945310
-0.768249,0.315525,-0.556990
-0.989417,0.141822,0.030654
-0.687845,0.056027,-0.723692
0.374849,0.380904,-0.845222
0.027593,0.296871,-0.954519
-0.766906,0.175990,-0.617157
-0.611207,0.690815,0.386265
-0.180408,0.978710,0.097873
-0.922232,0.314650,0.224688
0.563435,0.293247,-0.772365
-0.815266,0.304970,-0.492274
-0.280035,0.125101,-0.951804
-0.038692,0.078450,-0.996167
-0.764697,0.366393,-0.530090
-0.661356,0.285109,-0.693773
-0.831803,0.045057,-0.553240
0.347542,0.609371,0.712658
-0.785174,0.222142,-0.578061
-0.405250,0.565271,-0.718499
-0.922791,0.079485,0.377014
0.512661,0.294397,-0.806542
0.514066,0.137951,-0.846585
0.917853,0.370534,0.142305
-0.035855,0.149022,-0.988184
-0.984379,0.175749,-0.010463
-0.254109,0.139068,-0.957125
-0.435268,0.149782,-0.887754
-0.578095,0.137359,-0.804325
-0.583938,0.699303,-0.412299
0.108217,0.352509,-0.929530
-0.118070,0.176207,-0.977246
0.968574,0.132259,-0.210648
-0.528319,0.017288,0.848870
-0.259901,0.000248,-0.965635
0.612456,0.394227,0.685188
0.871814,0.413215,0.263045
-0.881114,0.259266,-0.395499
0.880490,0.029617,-0.473139
-0.851642,0.252373,0.459363
-0.507191,0.295427,-0.809617
0.596085,0.169149,-0.784902
-0.687640,0.176680,-0.704227
-0.537005,0.554839,-0.635436
-0.907454,0.411190,0.086317
-0.865844,0.180890,-0.466469
-0.832661,0.549675,0.067326
-0.808522,0.511525,-0.290918
0.400518,0.070903,-0.913542
-0.778467,0.096505,0.620223
-0.871230,0.254301,-0.419868
0.748750,0.410021,-0.520822
0.408937,0.146727,-0.900689
0.964175,0.058051,-0.258836
0.544982,0.393409,0.740422
0.819559,0.304631,0.485307
0.900986,0.177942,-0.395677
-0.060472,0.661036,-0.747914
-0.050218,0.953788,-0.296253
0.242123,0.307410,-0.920258
0.379164,0.308118,0.872524
0.818213,0.304297,-0.487782
0.968515,0.126851,0.214212
0.889931,0.081789,0.448702
0.816497,0.365817,-0.446666
0.924215,0.288224,-0.250508
0.879572,0.044407,-0.473688
-0.801799,0.583470,-0.129155
0.877869,0.223296,-0.423657
0.812664,0.580418,-0.051893
0.107714,0.076826,-0.991209
0.435700,0.314530,0.843348
0.474690,0.143475,0.868380
-0.649093,0.381865,0.657920
0.880870,0.153141,0.447902
0.473026,0.172778,-0.863941
0.961325,0.143226,0.235248
0.987322,0.152582,0.043751
0.982684,0.137658,-0.124023
0.617237,0.700265,-0.358674
0.756913,0.366093,0.541349
0.912028,0.180023,0.368507
-0.347207,0.138774,0.927464
-0.473478,0.014958,-0.880679
0.971352,0.000598,0.237645
-0.914967,0.385195,0.120253
-0.693916,0.417739,0.586494
0.751953,0.259131,-0.606150
-0.059397,0.031008,0.997753
-0.017520,0.234807,-0.971884
0.952278,0.299686,-0.057928
0.373063,0.181723,0.909835
0.941608,0.178670,-0.285397
0.803723,0.562179,-0.194897
0.336099,0.396788,-0.854164
0.815263,0.180814,-0.550138
0.307948,0.529403,-0.790506
0.628064,0.507498,-0.589899
0.593648,0.073378,0.801373
-0.171672,0.091996,-0.980849
0.776105,0.253243,-0.577520
0.038900,0.438430,0.897923
0.576838,0.151695,0.802650
-0.276867,0.058727,0.959112
-0.918560,0.388815,0.071212
-0.847130,0.304050,0.435804
-0.132450,0.182555,0.974233
0.670589,0.687963,0.277521
0.230770,0.972959,0.009824
0.679406,0.317717,0.661411
-0.942341,0.299650,-0.149006
-0.002666,0.313405,0.949616
-0.688229,0.128189,0.714078
-0.850841,0.081162,0.519116
-0.051755,0.382378,0.922556
-0.263104,0.293593,0.919010
-0.048332,0.045806,0.997780
0.456577,0.567498,-0.685188
-0.091567,0.229675,0.968950
-0.408745,0.598239,0.689229
0.815801,0.080314,0.572729
-0.947735,0.301695,-0.103820
-0.988225,0.140372,-0.060878
-0.271289,0.350226,-0.896518
-0.845278,0.153410,0.511831
0.512500,0.179390,0.839740
-0.707164,0.144671,0.692090
-0.552718,0.153644,0.819083
-0.404516,0.140292,0.903706
-0.034133,0.729382,0.683254
-0.864844,0.364159,0.345591
-0.793496,0.181638,0.580837
-0.622022,0.129313,-0.772248
0.995448,0.015924,-0.093966
-0.711672,0.001432,0.702510
0.302431,0.369007,-0.878845
-0.177686,0.399997,-0.899127
0.129173,0.271019,0.953867
-0.821852,0.030252,-0.568898
0.868132,0.251676,0.427793
-0.445241,0.304537,0.842032
-0.967038,0.175026,-0.184943
-0.254249,0.184447,0.949388
-0.267375,0.580212,0.769328
0.571691,0.419423,0.705162
0.050860,0.188488,0.980758
0.526336,0.564088,0.636219
0.180143,0.527153,0.830457
-0.993430,0.072612,0.088454
0.949966,0.096968,0.296920
0.094503,0.262435,0.960311
-0.787373,0.412331,-0.458287
-0.986083,0.149505,0.072728
-0.136502,0.051996,-0.989274
0.747951,0.402349,-0.527906
0.505409,0.294453,-0.811085
-0.293384,0.150962,-0.944000
-0.787129,0.560771,-0.256835
-0.516808,0.791375,-0.326550
-0.841092,0.269760,-0.468821
0.839343,0.334317,-0.428644
-0.368295,0.270368,-0.889528
0.294260,0.120189,-0.948138
0.499355,0.078275,-0.862854
-0.366480,0.298219,-0.881339
-0.134364,0.263159,-0.955350
-0.346464,0.039616,-0.937227
-0.584028,0.638171,0.501647
-0.310736,0.192708,-0.930756
-0.086082,0.479826,-0.873131
-0.920065,0.065371,-0.386274
0.748811,0.340535,-0.568610
0.860787,0.152129,-0.485698
0.376293,0.632706,0.676821
0.489352,0.146211,-0.859743
-0.745205,0.148303,-0.650135
0.296111,0.133647,-0.945757
0.135384,0.140458,-0.980787
-0.016105,0.125360,-0.991981
-0.353704,0.571758,-0.740261
0.533457,0.355056,-0.767697
0.431276,0.172427,-0.885590
0.898672,0.189935,0.395366
-0.991464,0.010350,-0.129966
0.308277,0.001363,-0.951296
-0.331207,0.472530,0.816711
0.372460,0.519426,0.769071
-0.493039,0.210220,-0.844227
0.996862,0.039665,0.068510
-0.918635,0.179079,-0.352195
0.039607,0.276998,-0.960054
0.848370,0.204205,-0.488435
-0.198377,0.152562,-0.968179
-0.166566,0.479269,-0.861718
-0.763129,0.318390,-0.562372
-0.428571,0.154043,-0.890279
-0.725350,0.412471,-0.551121
-0.500170,0.431228,-0.750914
0.839253,0.074122,-0.538666
-0.974003,0.074024,-0.214099
-0.457794,0.215870,-0.862453
0.804582,0.553467,-0.215225
0.836652,0.154358,-0.525534
0.930864,0.053625,0.361409
0.066749,0.414087,0.907787
0.445753,0.303754,0.842044
0.969374,0.153778,0.191483
0.583338,0.555109,-0.592934
0.494989,0.789109,-0.363720
0.810282,0.269825,-0.520229
-0.080971,0.351275,0.932764
0.955817,0.274486,0.105221
0.677577,0.123300,0.725042
0.495934,0.081764,0.864502
0.948276,0.305606,0.085892
0.898548,0.267462,0.347960
0.988514,0.039364,0.145911
-0.176931,0.596153,-0.783133
0.964786,0.198135,0.173005
0.802374,0.501572,0.323453
0.770069,0.063147,-0.634827
0.084512,0.365697,0.926889
-0.035184,0.159369,0.986592
-0.796020,0.587230,-0.146672
0.500514,0.151045,0.852450
0.924643,0.149594,-0.350225
0.676081,0.137890,0.723810
0.787534,0.143795,0.599260
0.873135,0.128200,0.470318
0.810521,0.585401,0.019004
0.392746,0.368571,0.842559
0.553255,0.177366,0.813910
-0.842031,0.190772,0.504569
0.534449,0.010377,-0.845137
0.673699,0.001227,0.739005
-0.543454,0.437688,-0.716301
-0.856720,0.503380,-0.112425
0.975665,0.215191,-0.042090
-0.608668,0.039010,0.792466
0.723815,0.175985,-0.667174
0.816246,0.282565,0.503884
-0.043171,0.217289,0.975152
0.944862,0.157224,0.287255
0.831465,0.493330,0.255520
0.848243,0.321539,-0.420828
0.986607,0.156533,0.045866
0.815575,0.414233,-0.404039
0.893854,0.438784,-0.092159
0.034400,0.076238,0.996496
0.633157,0.071570,-0.770708
0.975700,0.219036,0.005691
-0.287888,0.589435,0.754776
0.021018,0.158470,0.987140
-0.793645,0.053722,0.606004
-0.815343,0.403642,-0.415078
-0.951720,0.300021,-0.064939
-0.677599,0.155939,0.718709
0.204444,0.578295,0.789796
0.023398,0.829646,0.557800
0.032243,0.276525,0.960466
-0.758768,0.333037,-0.559783
-0.588803,0.278005,0.758963
-0.971862,0.122281,0.201324
-0.996449,0.079556,-0.027586
-0.582929,0.311719,0.750350
-0.764753,0.268883,0.585538
-0.642141,0.040112,0.765537
0.760072,0.627450,0.169106
-0.654843,0.199204,0.729039
-0.716298,0.502890,0.483754
0.151520,0.066939,0.986185
-0.832535,0.342320,-0.435549
-0.825444,0.152037,-0.543623
0.424273,0.558702,-0.712632
-0.988662,0.148593,-0.021599
-0.180065,0.152478,0.971765
-0.971347,0.136970,0.194226
-0.922342,0.143324,0.358809
-0.857710,0.127907,0.497970
-0.458021,0.597844,0.657875
-0.925741,0.360203,-0.115138
-0.983504,0.174654,0.047081
-0.057164,0.176081,-0.982714
0.460171,0.010438,0.887769
-0.982243,0.000399,0.187614
0.873240,0.448497,-0.190531
0.485654,0.492744,-0.722041
-0.484136,0.220699,0.846702
-0.390166,0.036945,-0.920003
0.194625,0.188115,0.962670
-0.856545,0.281969,0.432231
-0.805573,0.203337,-0.556512
-0.746902,0.157633,0.645979
-0.665213,0.497459,0.556799
-0.085800,0.332424,0.939219
-0.558002,0.160238,0.814222
-0.091211,0.431674,0.897406
-0.394807,0.447557,0.802384
-0.873794,0.074411,-0.480569
0.342665,0.076290,0.936355
-0.518726,0.222434,0.825498
-0.519380,0.539170,-0.662978
-0.859548,0.155455,-0.486837
0.447936,0.050657,-0.892629
0.889454,0.456764,-0.015447
0.852148,0.318530,-0.415190
0.251226,0.141998,-0.957456
-0.515413,0.465439,-0.719525
-0.400010,0.622845,-0.672351
-0.393313,0.241300,-0.887175
0.901182,0.428129,0.067650
0.195184,0.257346,-0.946402
0.774841,0.124707,-0.619733
0.894762,0.082775,-0.438803
0.122295,0.272722,-0.954289
0.430566,0.258786,-0.864664
0.232747,0.035891,-0.971875
-0.847728,0.484626,-0.215624
0.250103,0.185432,-0.950297
0.280395,0.456504,-0.844383
-0.501458,0.054536,-0.863462
0.862121,0.450691,-0.231568
0.979673,0.187562,0.071147
-0.744818,0.615803,0.256968
0.877761,0.157683,-0.452407
-0.226450,0.133723,-0.964800
0.759524,0.139053,-0.635443
0.658427,0.142148,-0.739099
0.542563,0.125579,-0.830575
0.018789,0.514354,-0.857372
0.832352,0.392242,-0.391581
0.850331,0.182655,-0.493532
0.144120,0.289080,0.946394
-0.701865,0.006791,-0.712278
0.783524,-0.000037,-0.621362
-0.914145,0.389724,0.111600
-0.474654,0.552376,0.685263
0.025726,0.189839,-0.981478
0.675662,0.055954,0.735085
-0.544435,0.138331,-0.827318
0.570675,0.277500,-0.772868
0.956625,0.285260,-0.059118
0.332682,0.145535,-0.931742
0.261197,0.454776,-0.851443
-0.324832,0.271289,-0.906028
0.126693,0.144030,-0.981430
-0.326578,0.341924,-0.881155
-0.019890,0.395211,-0.918375
0.994191,0.084003,0.067290
-0.637100,0.058245,-0.768577
0.090520,0.200157,-0.975573
0.538612,0.839980,0.065814
0.981922,0.173654,0.075318
0.550134,0.053145,0.833384
-0.459666,0.464467,0.756953
-0.088760,0.329091,0.940117
0.709739,0.147001,0.688957
0.872104,0.472621,-0.126746
0.764792,0.640011,-0.074024
0.966067,0.245030,0.081704
-0.560783,0.440715,0.700922
0.725815,0.263819,0.635289
0.139947,0.126519,0.982043
-0.085529,0.085887,0.992627
0.773231,0.283917,0.567014
0.532569,0.265240,0.803752
0.729889,0.038666,0.682471
0.562846,0.475955,-0.675774
0.702315,0.190199,0.685987
0.591139,0.479152,0.648821
0.997954,0.055962,-0.030932
-0.302005,0.481086,0.823012
-0.593881,0.191992,0.781309
0.060177,0.556531,-0.828645
-0.065412,0.161593,0.984687
0.953881,0.136876,0.267161
0.158516,0.142347,0.977042
0.305848,0.147145,0.940641
0.445970,0.128452,0.885782
0.735502,0.532791,0.418534
-0.103472,0.405017,0.908435
-0.011795,0.186063,0.982467
-0.868325,0.260930,-0.421814
0.948539,0.008382,-0.316549
0.135618,-0.000068,0.990761
0.309612,0.373536,-0.874421
-0.368021,0.524741,-0.767599
0.845201,0.196771,0.496907
-0.990257,0.054072,0.128322
0.984253,0.143597,-0.103086
0.381567,0.283641,0.879747
-0.509425,0.301681,0.805900
0.645042,0.150598,0.749160
0.606549,0.473674,0.638538
0.949997,0.278622,0.140981
0.793732,0.148619,0.589833
0.928775,0.351217,0.118426
0.810266,0.405336,0.423286
-0.578165,0.085903,0.811385
0.975895,0.059190,-0.210058
0.807049,0.206776,0.553097
-0.419208,0.858085,0.296573
-0.579262,0.176571,0.795788
-0.997858,0.052411,0.039155
-0.430660,0.448426,-0.783228
-0.763872,0.317838,-0.561675
-0.960539,0.145381,0.237127
-0.356494,0.484299,0.798979
-0.366304,0.659582,0.656333
-0.574182,0.246165,0.780844
-0.341222,0.412564,-0.844605
-0.921373,0.262495,0.286649
-0.914212,0.124769,-0.385550
-0.809697,0.085019,-0.580657
-0.895145,0.281510,0.345641
-0.964119,0.262545,0.039291
-0.963706,0.037919,0.264258
0.284262,0.507855,0.813190
-0.952976,0.188048,0.237645
-0.870980,0.472340,0.135240
-0.497838,0.056952,0.865398
-0.561281,0.437277,-0.702675
-0.387265,0.180860,-0.904055
0.684812,0.622972,0.378072
-0.812503,0.156891,-0.561448
-0.727524,0.136818,0.672302
-0.918920,0.138152,-0.369460
-0.963485,0.144901,-0.225168
-0.988955,0.126508,-0.077220
-0.754871,0.532819,0.382457
-0.728818,0.389182,-0.563348
-0.838415,0.182283,-0.513647
0.726165,0.256306,-0.637959
-0.246929,0.008490,0.968996
-0.918684,0.000625,-0.394992
0.606626,0.398954,0.687634
0.841835,0.539612,0.011512
-0.871664,0.196514,0.448981
0.317047,0.050057,-0.947088
-0.441983,0.146564,0.884969
-0.951378,0.279590,-0.129264
-0.452325,0.271701,-0.849459
-0.977517,0.149068,0.149129
-0.868214,0.468137,0.164477
-0.626325,0.282227,0.726680
-0.920205,0.148199,0.362299
-0.601167,0.358832,0.714030
-0.789772,0.405703,0.460070
-0.416684,0.081756,-0.905367
-0.339936,0.060993,0.938469
-0.896423,0.205456,0.392701
-0.121057,0.788904,-0.602475
-0.401605,0.170840,-0.899737
0.417228,0.053304,-0.907237
0.837565,0.544801,0.040957
0.822935,0.372806,-0.428712
0.161082,0.145800,-0.976112
-0.596067,0.416092,-0.686711
-0.584138,0.529954,-0.614761
-0.430459,0.227705,-0.873416
0.777930,0.609643,0.152182
0.144647,0.261347,-0.954345
0.763849,0.137377,-0.630604
0.892203,0.095521,-0.441418
-0.006751,0.273494,-0.961850
0.400579,0.269853,-0.875623
0.177540,0.037809,-0.983387
-0.898887,0.372926,-0.230061
0.183528,0.189389,-0.964598
0.085344,0.475385,-0.875629
-0.545817,0.051562,-0.836317
0.612844,0.719937,-0.325749
0.953081,0.254818,0.163416
-0.922976,0.373921,0.091097
0.867282,0.183063,-0.462936
-0.279404,0.128930,-0.951478
0.733696,0.155219,-0.661512
0.633607,0.154110,-0.758151
0.513118,0.133814,-0.847823
-0.146353,0.503288,-0.851635
0.776315,0.471138,-0.418765
0.842111,0.204823,-0.498896
-0.507557,0.260598,0.821264
-0.777642,0.005691,-0.628681
0.768920,-0.000344,-0.639345
-0.955658,0.294014,0.016541
-0.704709,0.468807,0.532546
-0.079881,0.188528,-0.978814
0.215222,0.072922,0.973839
-0.626972,0.123198,-0.769239
0.540467,0.295202,-0.787878
0.842689,0.536029,-0.050479
0.239273,0.151724,-0.959025
0.125751,0.471960,-0.872606
-0.416360,0.251015,-0.873863
0.048659,0.145096,-0.988220
-0.444019,0.312810,-0.839641
-0.111950,0.388679,-0.914547
0.984084,0.098026,0.148220
-0.691088,0.051110,-0.720962
0.011785,0.200141,-0.979696
-0.270605,0.960939,0.058039
0.966048,0.204273,0.158190
0.578890,0.056267,0.813462
-0.486404,0.554756,0.675024
-0.066144,0.386506,0.919912
0.772424,0.150590,0.616995
0.882582,0.420746,-0.209812
0.804489,0.536744,-0.254368
0.972219,0.230373,0.041457
-0.586455,0.623288,0.517283
0.758698,0.268077,0.593728
0.152930,0.140729,0.978166
-0.083109,0.099183,0.991593
0.844706,0.284694,0.453235
0.559592,0.277050,0.781089
0.769763,0.038815,0.637148
0.611719,0.368371,-0.700074
0.748829,0.195462,0.633285
0.719686,0.498393,0.483380
0.995031,0.052664,-0.084501
-0.117605,0.790391,0.601208
-0.675310,0.258995,0.690563
0.315121,0.353058,-0.880936
-0.054058,0.188074,0.980666
0.967938,0.130430,0.214672
0.194370,0.161968,0.967464
0.334501,0.159566,0.928789
0.476127,0.137273,0.868596
0.812688,0.518777,0.265346
-0.056113,0.492139,0.868707
-0.006009,0.211275,0.977408
-0.464131,0.231849,-0.854885
0.912494,0.006583,-0.409037
0.157549,0.001690,0.987510
0.422812,0.284080,-0.860540
-0.131118,0.449016,-0.883851
0.895378,0.194938,0.400372
-0.925279,0.066934,-0.373335
0.971865,0.124687,-0.199829
0.409397,0.302993,0.860575
-0.519541,0.580643,0.626842
0.717353,0.157908,0.678579
0.695508,0.489076,0.526377
0.965465,0.256832,0.043761
0.839093,0.148399,0.523355
0.947540,0.319626,-0.002704
0.852132,0.398442,0.339285
-0.647430,0.099956,0.755542
0.959474,0.051816,-0.276992
0.849442,0.206397,0.485642
-0.008413,0.914669,-0.404115
-0.646755,0.206213,0.734292
-0.995898,0.054011,0.072598
-0.351016,0.533877,-0.769261
-0.758779,0.371798,-0.534810
-0.933366,0.149781,0.326181
-0.285481,0.431922,0.855537
-0.221045,0.557916,0.799918
-0.541557,0.232909,0.807756
-0.192567,0.576376,-0.794172
-0.903007,0.266986,0.336595
-0.917456,0.136539,-0.373673
-0.808131,0.094605,-0.581355
-0.837586,0.284189,0.466569
-0.959100,0.273905,0.071429
-0.946443,0.038331,0.320587
0.287661,0.387090,0.876021
-0.932713,0.195057,0.303313
-0.804428,0.495835,0.327174
-0.449158,0.052119,0.891931
-0.496309,0.707184,-0.503555
-0.280353,0.242094,-0.928866
0.610773,0.386408,0.691119
-0.813546,0.181329,-0.552506
-0.689451,0.131663,0.712265
-0.928401,0.156564,-0.336987
-0.967888,0.156005,-0.197119
-0.989885,0.134910,-0.043891
-0.666204,0.522380,0.532252
-0.718863,0.471894,-0.510444
-0.836662,0.205100,-0.507868
0.966840,0.244340,-0.074290
-0.136438,0.006056,0.990630
-0.926320,0.000367,-0.376737
0.534405,0.300996,0.789818
0.835328,0.465883,0.291855
-0.816247,0.195378,0.543662
0.712178,0.065302,-0.698955
-0.346076,0.127788,0.929463
-0.949213,0.298767,-0.098660
-0.333005,0.490365,-0.805388
-0.956616,0.155563,0.246345
-0.821771,0.485977,0.297522
-0.549484,0.261513,0.793523
-0.887150,0.149459,0.436608
-0.505049,0.326699,0.798870
-0.739812,0.400711,0.540472
-0.337540,0.095834,-0.936420
-0.268161,0.052557,0.961940
-0.860877,0.206914,0.464841
0.279099,0.959304,0.042887
-0.319815,0.199704,-0.926195
0.313843,0.056433,-0.947796
0.748998,0.660579,0.051353
0.736882,0.443787,-0.509958
-0.002802,0.148051,-0.988976
-0.696115,0.371786,-0.614166
-0.729898,0.445929,-0.518070
-0.519851,0.214998,-0.826759
0.416578,0.882092,0.219948
0.022184,0.264457,-0.964142
0.697668,0.152118,-0.700085
0.849215,0.113100,-0.515792
-0.198905,0.269360,-0.942275
0.300120,0.281621,-0.911382
0.046277,0.038439,-0.998189
-0.934656,0.302467,-0.186899
0.044743,0.193197,-0.980139
-0.178820,0.470108,-0.864304
-0.635348,0.046978,-0.770795
-0.208399,0.890529,-0.404386
0.889151,0.383390,0.249845
-0.963396,0.260450,0.063520
0.809719,0.215250,-0.545914
-0.388080,0.122853,-0.913401
0.642277,0.174596,-0.746322
0.543872,0.167254,-0.822332
0.413599,0.140825,-0.899502
-0.350283,0.476745,-0.806236
0.636826,0.577586,-0.510732
0.787962,0.235510,-0.568904
-0.781680,0.188172,0.594616
-0.853380,0.005671,-0.521258
0.695994,-0.000158,-0.718048
-0.972139,0.234074,0.012432
-0.804937,0.392733,0.444789
-0.245744,0.183649,-0.951779
-0.356344,0.068766,0.931821
-0.729488,0.105708,-0.675776
0.445915,0.313988,-0.838195
-0.191825,0.976901,-0.094163
0.067312,0.156223,-0.985426
-0.080474,0.473884,-0.876902
-0.544537,0.233080,-0.805701
-0.098282,0.143748,-0.984722
-0.583327,0.284267,-0.760869
-0.260833,0.377067,-0.888699
0.976789,0.118453,0.178469
-0.770668,0.045058,-0.635642
-0.134140,0.200103,-0.970549
-0.764599,0.643403,0.037705
0.950513,0.245397,0.190540
0.668085,0.057372,0.741870
-0.455909,0.672695,0.582777
0.049302,0.463045,0.884963
0.866078,0.153197,0.475856
0.867525,0.374009,-0.327898
0.790592,0.447237,-0.418262
0.973948,0.218633,-0.060213
-0.470749,0.874445,0.117223
0.828677,0.270459,0.490048
0.248707,0.156452,0.955860
0.000944,0.117586,0.993062
0.922037,0.275894,0.271534
0.642858,0.288384,0.709626
0.848086,0.040250,0.528328
0.597912,0.298264,-0.744002
0.833643,0.199172,0.515141
0.840711,0.486765,0.237202
0.980087,0.047880,-0.192710
0.360763,0.918339,-0.162801
-0.734866,0.392156,0.553341
0.378109,0.250688,-0.891173
0.046563,0.224417,0.973380
0.987035,0.126113,0.099289
0.317296,0.183648,0.930375
0.437378,0.172268,0.882623
0.574374,0.145271,0.805599
0.871497,0.486490,0.061810
0.097389,0.609424,0.786840
0.081957,0.243207,0.966506
-0.155536,0.173996,-0.972386
0.855980,0.005909,-0.516975
0.265181,0.000847,0.964198
0.442464,0.229556,-0.866908
-0.006940,0.379056,-0.925348
0.952605,0.188938,0.238426
-0.615180,0.062790,-0.785882
0.938061,0.109080,-0.328851
0.501618,0.322911,0.802563
-0.007620,0.910911,-0.412533
0.829409,0.162329,0.534538
0.802131,0.489479,0.342047
0.966464,0.236428,-0.100244
0.908601,0.148258,0.390466
0.944080,0.287526,-0.161373
0.901496,0.386891,0.193958
-0.674377,0.119225,0.728698
0.922911,0.046483,-0.382197
0.914017,0.203401,0.350999
0.270833,0.608021,-0.746298
-0.671285,0.248135,0.698431
-0.981631,0.057499,0.181917
-0.293600,0.643901,-0.706534
-0.785503,0.445177,-0.429887
-0.863569,0.153653,0.480250
-0.170102,0.382535,0.908148
-0.061290,0.464640,0.883376
-0.455192,0.221062,0.862515
0.054635,0.823622,-0.564501
-0.851754,0.269397,0.449378
-0.946191,0.153892,-0.284676
-0.850300,0.113387,-0.513938
-0.723201,0.278951,0.631796
-0.941657,0.286101,0.177279
-0.895332,0.040099,0.443590
0.337117,0.310791,0.888685
-0.878062,0.198001,0.435662
-0.660988,0.494220,0.564660
-0.345972,0.048806,0.936974
-0.153220,0.964009,0.217280
-0.157423,0.354614,-0.921665
0.587420,0.268456,0.763459
-0.856176,0.215041,-0.469808
-0.598790,0.127106,0.790756
-0.958839,0.177388,-0.221722
-0.981525,0.169532,-0.088705
-0.987375,0.142693,0.068765
-0.521653,0.496269,0.693971
-0.731150,0.581035,-0.357517
-0.870440,0.235976,-0.432030
0.936449,0.186555,0.297086
-0.003140,0.006003,0.999977
-0.960187,0.000876,-0.279357
0.530217,0.240747,0.812965
0.810980,0.392659,0.433739
-0.708084,0.191114,0.679774
0.967861,0.064200,-0.243155
-0.209766,0.110713,0.971463
-0.947895,0.318460,0.008908
0.200910,0.973360,-0.110480
-0.895869,0.161506,0.413925
-0.722073,0.491244,0.487125
-0.421760,0.241134,0.874055
-0.811476,0.148927,0.565091
-0.360993,0.294492,0.884849
-0.641648,0.390028,0.660428
-0.302684,0.114149,-0.946231
-0.152152,0.046715,0.987253
-0.780396,0.203987,0.591076
0.496789,0.668425,0.553542
-0.280049,0.238800,-0.929810
0.267213,0.059744,-0.961784
0.580461,0.807522,0.104755
0.629422,0.531770,-0.566612
-0.097920,0.147530,-0.984198
-0.726852,0.331557,-0.601462
-0.784071,0.375779,-0.493986
-0.539663,0.202970,-0.817048
-0.327298,0.921977,0.206963
-0.033875,0.263409,-0.964089
0.659722,0.168443,-0.732389
0.818751,0.134680,-0.558129
-0.307669,0.253973,-0.916972
0.253369,0.289239,-0.923117
-0.016365,0.038060,-0.999141
-0.941930,0.250829,-0.223279
-0.028707,0.191939,-0.980987
-0.353813,0.435009,-0.828000
-0.653449,0.043085,-0.755743
-0.749512,0.580926,-0.317423
0.558469,0.676861,0.479553
-0.979725,0.198983,-0.023339
0.756879,0.257812,-0.600555
-0.421384,0.117262,-0.899269
0.568565,0.197672,-0.798536
0.491801,0.180900,-0.851709
0.360253,0.148721,-0.920923
-0.461481,0.435398,-0.772958
0.423618,0.692404,-0.584058
0.750376,0.270186,-0.603270
-0.916211,0.139021,0.375807
-0.864556,0.004033,-0.502520
0.648311,0.001306,-0.761374
-0.979079,0.194822,-0.058720
-0.889693,0.331878,0.313533
-0.329022,0.173882,-0.928175
-0.751352,0.053539,0.657727
-0.755102,0.094072,-0.648823
0.392587,0.331737,-0.857803
-0.886256,0.450626,-0.107179
-0.044928,0.155778,-0.986770
-0.217130,0.457597,-0.862241
-0.590274,0.212897,-0.778622
-0.172140,0.141071,-0.974919
-0.635617,0.254415,-0.728879
-0.331665,0.358916,-0.872455
0.945062,0.148427,0.291252
-0.784326,0.039576,-0.619085
-0.204373,0.193224,-0.959633
-0.901734,0.430499,-0.039319
0.903279,0.306314,0.300432
0.704438,0.060313,0.707198
-0.420572,0.817328,0.393821
0.152969,0.558987,0.814944
0.909777,0.151512,0.386458
0.871642,0.333145,-0.359521
0.799196,0.375570,-0.469290
0.975542,0.205108,-0.079049
-0.090893,0.864776,-0.493863
0.857201,0.268390,0.439515
0.295294,0.175672,0.939117
0.050921,0.139892,0.988856
0.951639,0.260655,0.162610
0.676827,0.296207,0.673919
0.880584,0.039262,0.472262
0.638464,0.250375,-0.727788
0.870978,0.197213,0.450005
0.891923,0.447816,0.062730
0.976071,0.043318,-0.213092
0.568914,0.568705,-0.594064
-0.763188,0.643653,0.057053
0.470252,0.193463,-0.861066
0.118934,0.271363,0.955101
0.990953,0.118115,0.063720
0.403616,0.204823,0.891707
0.491226,0.186696,0.850789
0.619819,0.151740,0.769935
0.894620,0.444109,-0.049225
0.268326,0.733654,0.624302
0.130570,0.281435,0.950655
0.095009,0.132051,-0.986679
0.848180,0.004099,-0.529692
0.328588,-0.000144,0.944473
0.513582,0.192010,-0.836281
0.148229,0.322781,-0.934794
0.971895,0.177735,0.154372
-0.219554,0.048753,-0.974381
0.928164,0.094458,-0.359986
0.546209,0.340813,0.765181
0.418702,0.419800,-0.805268
0.885568,0.160605,0.435862
0.857733,0.468423,0.211833
0.965047,0.214107,-0.151137
0.936375,0.144739,0.319770
0.941261,0.256223,-0.219947
0.922287,0.365918,0.124459
-0.760642,0.148524,0.631953
0.916359,0.039282,-0.398426
0.938714,0.197768,0.282319
0.427268,0.413192,-0.804185
-0.747878,0.308550,0.587771
-0.971547,0.058850,0.229421
-0.160670,0.785580,-0.597536
-0.780949,0.537048,-0.318900
-0.811353,0.151222,0.564658
-0.144437,0.341195,0.928829
-0.015491,0.389353,0.920958
-0.436402,0.207635,0.875466
0.417532,0.907787,0.039873
-0.823402,0.269347,0.499461
-0.955973,0.171547,-0.238089
-0.869363,0.134677,-0.475469
-0.645119,0.264548,0.716823
-0.929274,0.294288,0.223258
-0.863417,0.039455,0.502945
0.304086,0.259136,0.916722
-0.841978,0.198218,0.501780
-0.538887,0.455942,0.708320
-0.322716,0.044734,0.945438
0.181870,0.632463,0.752937
0.209275,0.584667,-0.783817
0.510381,0.203452,0.835535
-0.876218,0.260092,-0.405702
-0.569644,0.119554,0.813150
-0.970419,0.200699,-0.134186
-0.982788,0.182540,-0.028413
-0.980641,0.151166,0.124469
-0.434948,0.452303,0.778615
-0.691199,0.706850,-0.150359
-0.880391,0.272618,-0.388060
0.821783,0.140521,0.552202
0.016058,0.003865,0.999864
-0.975750,0.001444,-0.218883
0.466486,0.199246,0.861795
0.741526,0.333847,0.581967
-0.644286,0.179379,0.743451
0.970160,0.051096,0.237021
-0.174341,0.098718,0.979724
-0.939300,0.337084,0.063951
0.476660,0.488783,0.730675
-0.840977,0.162562,0.516073
-0.640533,0.473606,0.604495
-0.373770,0.218850,0.901333
-0.765352,0.144692,0.627136
-0.303231,0.262435,0.916067
-0.591295,0.369796,0.716674
-0.185124,0.141225,-0.972515
-0.133374,0.040475,0.990239
-0.735366,0.198955,0.647807
0.478492,0.445423,0.756732
-0.155908,0.293426,-0.943183
0.749990,0.059733,-0.658746
0.115596,0.953555,0.278155
0.724012,0.638855,-0.260137
0.420429,0.142827,-0.896013
-0.249173,0.296403,-0.921986
-0.371897,0.318903,-0.871776
0.035906,0.190690,-0.980993
-0.680156,0.624745,-0.383513
0.496985,0.259668,-0.827997
0.944739,0.190648,-0.266687
0.984329,0.166647,-0.057669
0.198828,0.236827,-0.950989
0.715206,0.298412,-0.632005
0.525062,0.038569,-0.850189
-0.604209,0.213975,-0.767558
0.492508,0.190220,-0.849266
0.061172,0.390068,-0.918752
-0.091755,0.039789,-0.994986
-0.563084,0.369296,-0.739295
-0.721271,0.689697,0.063926
-0.739671,0.158000,-0.654158
0.932947,0.319551,-0.165821
0.163746,0.112156,-0.980106
0.877735,0.223011,-0.424083
0.863687,0.195588,-0.464532
0.797463,0.154835,-0.583163
-0.005635,0.393272,-0.919405
0.429590,0.770732,-0.470557
0.940051,0.319288,-0.119830
-0.910027,0.107053,-0.400487
-0.404392,0.002762,-0.914582
0.947299,-0.000146,-0.320350
-0.714881,0.165388,-0.679406
-0.873325,0.280421,-0.398331
0.212058,0.162932,-0.963579
-0.977376,0.038515,-0.207971
-0.244562,0.083439,-0.966037
0.784385,0.349959,-0.512121
-0.701270,0.249684,-0.667742
0.451722,0.153382,-0.878875
0.218908,0.429020,-0.876368
-0.054201,0.192940,-0.979712
0.375981,0.136014,-0.916591
-0.125747,0.227884,-0.965534
0.189490,0.339806,-0.921209
0.415784,0.197144,0.887839
-0.272960,0.035358,-0.961376
0.341942,0.185755,-0.921179
-0.705978,0.308132,-0.637690
0.353462,0.403300,0.844046
0.186214,0.062503,0.980519
-0.332648,0.936585,-0.110245
-0.182140,0.666939,0.722507
0.567546,0.148157,0.809902
0.926237,0.302886,0.224377
0.941559,0.326395,0.083270
0.836768,0.193815,0.512109
0.614498,0.619536,-0.488433
0.465596,0.267473,0.843610
-0.269539,0.196177,0.942796
-0.490293,0.173479,0.854118
0.728778,0.245982,0.639043
0.180479,0.304553,0.935241
0.472245,0.038751,0.880615
0.961677,0.216395,-0.168376
0.487080,0.195316,0.851237
0.771016,0.405146,0.491315
0.913619,0.040048,0.404594
0.903674,0.379289,-0.198779
0.179653,0.622522,-0.761703
0.922746,0.158877,-0.351139
-0.372488,0.331921,0.866649
0.771784,0.112590,0.625838
-0.101955,0.231094,0.967575
-0.048374,0.201942,0.978202
0.092796,0.159606,0.982810
0.803481,0.405338,0.436026
0.156161,0.814232,0.559143
-0.402754,0.327236,0.854813
0.771587,0.104623,-0.627461
0.996906,0.003052,0.078539
-0.227617,0.000170,0.973751
0.936614,0.165518,-0.308801
0.762692,0.280517,-0.582762
0.734566,0.168681,0.657236
0.622437,0.037507,-0.781771
0.964073,0.085605,0.251467
0.036371,0.360083,0.932211
0.896881,0.252730,-0.362950
0.535252,0.157603,0.829859
0.650621,0.444876,0.615450
0.881520,0.197490,0.428859
0.608933,0.141083,0.780574
0.905775,0.232538,0.354257
0.706765,0.348953,0.615398
-0.971812,0.188115,-0.142105
0.974010,0.036043,0.223617
0.629265,0.191617,0.753199
0.883978,0.310549,-0.349489
-0.905599,0.386714,-0.174194
-0.936082,0.062273,-0.346226
0.217978,0.927975,-0.302238
-0.542030,0.631375,-0.554589
-0.987849,0.145731,0.054000
-0.676985,0.305078,0.669789
-0.569811,0.330155,0.752537
-0.872543,0.194005,0.448364
0.066435,0.671558,0.737968
-0.963868,0.263206,-0.041001
-0.676220,0.188457,-0.712187
-0.494365,0.163397,-0.853759
-0.929511,0.243955,0.276578
-0.895282,0.299765,-0.329561
-0.997700,0.038772,-0.055600
-0.359476,0.221171,0.906565
-0.980730,0.192666,-0.032371
-0.832895,0.404071,0.378169
-0.821999,0.039290,0.568132
-0.342296,0.399874,0.850255
0.546417,0.720794,0.426479
-0.184265,0.164622,0.968992
-0.561212,0.313026,-0.766196
-0.936059,0.113439,0.333055
-0.776571,0.221626,-0.589762
-0.814519,0.194217,-0.546661
-0.889791,0.156868,-0.428562
-0.798817,0.405691,0.444191
-0.585594,0.780420,-0.219144
-0.538230,0.312185,-0.782847
0.138185,0.111274,0.984136
-0.592086,0.004155,0.805864
-0.720502,0.000502,-0.693452
-0.222864,0.170030,0.959907
0.109618,0.289159,0.950984
-0.946169,0.167845,0.276752
0.357309,0.039091,0.933168
-0.720869,0.086434,0.687660
-0.820311,0.350650,-0.451812
-0.196862,0.272989,0.941659
-0.987762,0.155172,0.015762
-0.870556,0.440949,0.218394
-0.827837,0.198154,0.524805
-0.984193,0.139637,0.108934
-0.779284,0.233386,0.581590
-0.895653,0.346538,0.278780
0.557467,0.183551,-0.809654
-0.700274,0.035817,0.712976
-0.971744,0.189794,0.140325
-0.178313,0.326090,0.928369
0.555761,0.376244,-0.741330
0.992843,0.067330,-0.098641
-0.383401,0.922749,0.039220
0.569372,0.819199,0.068762
0.830779,0.152030,-0.535438
0.303177,0.284835,-0.909369
0.145572,0.299429,-0.942948
0.593434,0.190920,-0.781912
-0.471270,0.448604,-0.759380
0.873805,0.276858,-0.399769
0.902922,0.233854,0.360616
0.776826,0.235031,0.584211
0.657001,0.243935,-0.713334
0.940053,0.326953,-0.096965
0.911767,0.040398,-0.408717
-0.062770,0.195824,-0.978628
0.876915,0.203835,-0.435284
0.475284,0.387904,-0.789706
0.488598,0.039291,-0.871624
-0.200276,0.291764,-0.935288
-0.733956,0.372144,-0.568171
-0.244281,0.136951,-0.959985
0.797807,0.450908,0.400232
0.692051,0.113472,-0.712874
0.951255,0.279984,0.129316
0.965231,0.228994,0.126062
0.984376,0.175725,-0.011183
0.457704,0.388476,-0.799746
0.340211,0.859886,-0.380594
0.776250,0.408966,0.479774
-0.499795,0.086218,-0.861842
0.163365,0.003346,-0.986560
0.952708,0.001161,0.303885
-0.188618,0.149902,-0.970543
-0.457195,0.247819,-0.854142
0.691193,0.168451,-0.702764
-0.646817,0.029868,-0.762060
0.326258,0.080137,-0.941878
0.918128,0.394490,0.037659
-0.326595,0.185671,-0.926748
0.840632,0.164219,-0.516111
0.610979,0.442722,-0.656279
0.490374,0.190176,-0.850510
0.815022,0.143448,-0.561393
0.412916,0.220924,-0.883568
0.652284,0.348061,-0.673335
-0.576783,0.212542,0.788763
0.311846,0.033494,-0.949542
0.788971,0.193822,-0.583058
-0.277278,0.255262,-0.926260
-0.586594,0.425861,0.688875
-0.433786,0.067830,0.898459
0.113259,0.903924,-0.412424
-0.399191,0.834257,0.380344
0.031075,0.155587,0.987333
0.637956,0.293740,0.711849
0.750140,0.308235,0.585048
0.378158,0.195688,0.904822
0.880827,0.462879,-0.099430
-0.107056,0.282739,0.953204
-0.793833,0.232719,0.561847
-0.925207,0.233046,0.299468
0.280047,0.251805,0.926374
-0.408332,0.331784,0.850403
-0.119929,0.042417,0.991876
0.885269,0.200721,0.419535
-0.080170,0.208945,0.974636
0.441249,0.404742,0.800927
0.511700,0.038488,0.858301
0.919766,0.306262,0.245427
0.808179,0.375430,-0.453762
0.959877,0.139983,0.242982
-0.794414,0.450833,0.407009
0.266811,0.115231,0.956835
-0.634338,0.286029,0.718194
-0.622127,0.231804,0.747814
-0.509092,0.178153,0.842073
0.461220,0.402402,0.790790
0.114726,0.901880,0.416473
-0.833093,0.407516,0.374014
0.995208,0.089212,-0.040031
0.779771,0.002603,0.626060
-0.776898,0.000982,0.629625
0.941067,0.152632,0.301822
0.967583,0.252506,0.004966
0.254041,0.172043,0.951769
0.973593,0.029477,-0.226378
0.656579,0.083114,0.749664
-0.517152,0.399936,0.756706
0.972799,0.194159,0.126349
0.006918,0.170384,0.985354
0.251254,0.458819,0.852265
0.491271,0.195563,0.848768
0.065577,0.146585,0.987022
0.559342,0.228893,0.796709
0.248480,0.356468,0.900660
-0.403136,0.196800,-0.893729
0.671666,0.035159,0.740020
0.098222,0.199888,0.974883
0.946809,0.262106,0.186688
-0.320176,0.397870,-0.859760
-0.558754,0.065601,-0.826735
0.268330,0.931802,0.244427
-0.170391,0.789676,-0.589388
-0.861724,0.151613,-0.484196
-0.941244,0.290306,0.172573
-0.895485,0.305631,0.323567
-0.971081,0.191709,-0.142301
-0.411183,0.481876,0.773773
-0.767152,0.276065,-0.579022
-0.109538,0.223767,-0.968468
0.149598,0.218065,-0.964400
-0.936976,0.245923,-0.248189
-0.532463,0.323237,-0.782305
-0.792683,0.042204,-0.608171
-0.822221,0.200184,0.532803
-0.796484,0.204535,-0.569016
-0.916008,0.396774,-0.059164
-0.999153,0.040248,-0.008600
-0.719897,0.310732,0.620640
-0.075856,0.412512,0.907789
-0.715969,0.142422,0.683450
-0.005218,0.420235,-0.907400
-0.957700,0.112452,-0.264886
-0.318216,0.268787,-0.909116
-0.343879,0.222681,-0.912228
-0.474927,0.173531,-0.862746
-0.917927,0.395716,-0.028623
-0.454180,0.869401,-0.194583
0.056685,0.388398,-0.919747
-0.495629,0.091126,0.863741
-0.942989,0.003865,0.332802
-0.176258,0.000616,-0.984344
-0.751934,0.153789,0.641049
-0.511524,0.254656,0.820667
-0.945213,0.169853,-0.278788
-0.327203,0.030819,0.944451
-0.982552,0.082037,0.166916
-0.401295,0.387588,-0.829902
-0.648320,0.199389,0.734796
-0.847755,0.164102,-0.504364
-0.861974,0.446750,-0.239614
-0.980899,0.192914,-0.024912
-0.879736,0.143283,-0.453358
-0.972430,0.225718,0.058572
-0.901234,0.349313,-0.256433
0.978132,0.205176,0.034078
-0.982007,0.035276,0.185523
-0.886407,0.194347,-0.420134
-0.671264,0.266074,0.691815
0.905024,0.415144,0.092667
0.995983,0.077982,-0.044015
-0.635729,0.771819,-0.012057
0.132190,0.986806,0.093492
0.806049,0.175911,-0.565102
0.247408,0.294089,-0.923202
0.051631,0.301896,-0.951942
0.578812,0.202569,-0.789900
-0.641717,0.369011,-0.672332
0.866110,0.311696,-0.390766
0.807473,0.292294,0.512398
0.444337,0.322923,0.835635
0.593092,0.271681,-0.757913
0.926091,0.374752,-0.043779
0.913170,0.046320,-0.404937
-0.127535,0.193479,-0.972780
0.867176,0.233626,-0.439800
0.338943,0.423846,-0.839924
0.462239,0.041930,-0.885764
-0.408475,0.262201,-0.874299
-0.852508,0.257240,-0.455035
-0.328005,0.130560,-0.935610
0.456442,0.647004,0.610776
0.677948,0.121884,-0.724935
0.888710,0.388299,0.243759
0.933270,0.281798,0.222703
0.976117,0.209707,0.056730
0.363106,0.417229,-0.833111
-0.110393,0.905938,-0.408767
0.551464,0.520788,0.651666
-0.568847,0.078580,-0.818681
0.090916,0.002875,-0.995854
0.881880,0.001601,0.471470
-0.244061,0.145300,-0.958813
-0.496821,0.231412,-0.836432
0.649914,0.185879,-0.736927
-0.709489,0.024849,-0.704278
0.268732,0.083312,-0.959605
0.879699,0.462900,0.108873
-0.511952,0.159522,-0.844072
0.809374,0.194185,-0.554262
0.516949,0.494643,-0.698636
0.443405,0.202082,-0.873244
0.798402,0.162291,-0.579842
0.350121,0.232860,-0.907299
0.610970,0.379961,-0.694511
-0.800521,0.169695,0.574779
0.263223,0.035397,-0.964086
0.769851,0.218058,-0.599816
-0.407513,0.233293,-0.882897
-0.798310,0.341673,0.495944
-0.486833,0.080159,0.869809
0.287389,0.754823,-0.589618
-0.202850,0.978628,-0.033737
0.068079,0.183260,0.980704
0.678506,0.303414,0.669006
0.804736,0.310245,0.506111
0.392667,0.207725,0.895914
0.883784,0.374524,-0.280460
-0.113473,0.319625,0.940725
-0.875185,0.289919,0.387295
-0.944068,0.303499,-0.128936
0.352099,0.283222,0.892083
-0.448595,0.381124,0.808398
-0.127124,0.048453,0.990703
0.912361,0.197780,0.358443
-0.072853,0.241014,0.967783
0.557736,0.443664,0.701493
0.536278,0.042530,0.842969
0.962063,0.271044,0.031147
0.776882,0.255614,-0.575427
0.978353,0.132051,0.159338
-0.786800,0.616529,-0.028938
0.281271,0.123381,0.951664
-0.712003,0.395859,0.579955
-0.694608,0.285545,0.660291
-0.568058,0.213764,0.794742
0.539660,0.432412,0.722348
0.366829,0.930145,0.016346
-0.858629,0.506854,0.076521
0.989873,0.080960,-0.116604
0.824126,0.002775,0.566400
-0.887880,0.001222,0.460073
0.957050,0.147143,0.249808
0.971762,0.233064,-0.036881
0.305839,0.193080,0.932300
0.952638,0.025897,-0.303002
0.702309,0.086040,0.706654
-0.561773,0.469546,0.681130
0.983084,0.166009,-0.077380
0.055697,0.202105,0.977779
0.336213,0.515327,0.788288
0.535562,0.208542,0.818342
0.089083,0.167636,0.981816
0.615064,0.240479,0.750910
0.286982,0.391103,0.874460
-0.122241,0.161382,-0.979292
0.708912,0.035375,0.704409
0.122297,0.225718,0.966486
0.969326,0.240393,0.051177
-0.057750,0.323281,-0.944539
-0.509135,0.077738,-0.857169
0.348264,0.787954,0.507779
0.071477,0.964236,-0.255227
-0.873499,0.175994,-0.453901
-0.925931,0.301415,0.227599
-0.856690,0.310207,0.412133
-0.970960,0.203548,-0.125715
-0.242342,0.391935,0.887501
-0.752371,0.310065,-0.581203
0.068977,0.276640,-0.958495
0.504660,0.289274,-0.813412
-0.945002,0.276705,-0.174375
-0.478201,0.369101,-0.796924
-0.786498,0.046924,-0.615807
-0.784740,0.197528,0.587508
-0.793588,0.234322,-0.561526
-0.896399,0.435189,0.084133
-0.998864,0.042524,0.021519
-0.555175,0.280002,0.783185
0.077084,0.276184,0.958009
-0.651692,0.134134,0.746529
0.333365,0.584157,-0.740019
-0.960319,0.122997,-0.250317
-0.176136,0.367160,-0.913329
-0.238231,0.273234,-0.931981
-0.408484,0.205871,-0.889245
-0.902021,0.426348,0.067719
-0.255633,0.942109,0.216986
0.309000,0.486878,-0.816988
-0.422489,0.081626,0.902685
-0.915816,0.002788,0.401589
0.006253,-0.000071,-0.999980
-0.713348,0.148052,0.684992
-0.473516,0.237480,0.848166
-0.954903,0.188577,-0.229346
-0.243830,0.026087,0.969467
-0.970508,0.084206,0.225884
-0.318625,0.452421,-0.832942
-0.472357,0.171260,0.864609
-0.862553,0.195067,-0.466852
-0.852808,0.502955,-0.140555
-0.978154,0.205983,0.028043
-0.886255,0.162380,-0.433803
-0.963128,0.237375,0.126640
-0.899025,0.382575,-0.213051
0.922158,0.168571,0.348151
-0.971100,0.035979,0.235945
-0.891313,0.218223,-0.397416
-0.562661,0.244375,0.789742
0.856744,0.339208,0.388495
0.994323,0.092886,-0.051896
-0.774423,0.632574,-0.010891
-0.383301,0.919611,0.086002
0.716931,0.206918,-0.665729
0.120715,0.302580,-0.945449
-0.107782,0.300464,-0.947684
0.501021,0.214697,-0.838381
-0.773760,0.304219,-0.555649
0.821394,0.356371,-0.445321
0.659349,0.371650,0.653556
-0.127509,0.357480,0.925176
0.444917,0.302761,-0.842843
0.898706,0.435520,-0.051477
0.878619,0.055219,-0.474321
-0.253565,0.189179,-0.948639
0.812918,0.274150,-0.513816
0.107575,0.447970,-0.887553
0.364231,0.043661,-0.930285
-0.605017,0.229515,-0.762415
-0.919707,0.192835,-0.341986
-0.457883,0.122214,-0.880572
-0.204295,0.712184,0.671608
0.606335,0.131639,-0.784238
0.719547,0.587206,0.370730
0.887420,0.361880,0.285533
0.963293,0.259494,0.068772
0.188925,0.439432,-0.878184
-0.519260,0.778979,-0.351513
0.194567,0.611968,0.766576
-0.669244,0.071792,-0.739567
-0.052931,0.004112,-0.998590
0.739179,0.002194,0.673506
-0.357721,0.139558,-0.923341
-0.584297,0.216481,-0.782134
0.533087,0.207140,-0.820311
-0.790631,0.021904,-0.611901
0.134551,0.086679,-0.987108
0.822473,0.553990,0.128968
-0.679622,0.137803,-0.720503
0.706480,0.234470,-0.667765
0.331870,0.544912,-0.770021
0.319068,0.214307,-0.923184
0.725535,0.185311,-0.662766
0.208194,0.242879,-0.947452
0.503039,0.414635,-0.758307
-0.877235,0.136333,0.460295
0.140182,0.037061,-0.989432
0.690930,0.246625,-0.679553
-0.560132,0.211076,-0.801061
-0.875263,0.273233,0.399071
-0.483838,0.095228,0.869961
0.360782,0.618342,-0.698205
0.060126,0.889754,-0.452462
0.201460,0.217447,0.955055
0.762830,0.309349,0.567797
0.880976,0.307489,0.359627
0.473201,0.219644,0.853133
0.843780,0.305375,-0.441341
-0.046378,0.364927,0.929880
-0.916020,0.362941,0.170824
-0.720103,0.319604,-0.615877
0.506715,0.316016,0.802106
-0.432256,0.444197,0.784757
-0.051297,0.056430,0.997088
0.952741,0.191298,0.235987
0.018798,0.285414,0.958220
0.719060,0.468509,0.513276
0.625790,0.045150,0.778684
0.953197,0.234176,-0.191249
0.718314,0.191627,-0.668807
0.992009,0.125066,0.016604
-0.500677,0.641411,-0.581304
0.371750,0.136227,0.918283
-0.745470,0.585440,0.318644
-0.733645,0.367228,0.571759
-0.580480,0.263937,0.770312
0.669280,0.455990,0.586632
0.518473,0.778752,-0.353173
-0.764941,0.578567,-0.283065
0.967825,0.071294,-0.241314
0.899073,0.004505,0.437776
-0.979663,0.001004,0.200646
0.981194,0.141121,0.131694
0.965999,0.218431,-0.138324
0.439450,0.215898,0.871935
0.910365,0.021855,-0.413229
0.795073,0.088705,0.599992
-0.555822,0.561535,0.612977
0.950372,0.139121,-0.278278
0.207833,0.247705,0.946281
0.495749,0.569283,0.655858
0.643646,0.220840,0.732768
0.198627,0.192377,0.961009
0.721585,0.252076,0.644804
0.399518,0.428093,0.810630
0.014150,0.130581,-0.991337
0.793729,0.037019,0.607143
0.231758,0.254975,0.938763
0.968666,0.215574,-0.123346
0.064796,0.263379,-0.962514
-0.510590,0.092624,-0.854821
0.415018,0.645029,0.641637
0.323118,0.926076,0.194878
-0.918298,0.209821,-0.335713
-0.884207,0.308698,0.350547
-0.772856,0.309623,0.553920
-0.975462,0.217088,-0.036691
-0.069073,0.319445,0.945084
-0.776150,0.355766,-0.520598
0.258021,0.346550,-0.901847
0.845248,0.324321,-0.424702
-0.950900,0.309456,-0.005032
-0.465739,0.429825,-0.773523
-0.827273,0.054183,-0.559182
-0.699753,0.192223,0.688038
-0.830644,0.273659,-0.484914
-0.826886,0.465153,0.316057
-0.990562,0.044152,0.129757
-0.348278,0.242325,0.905528
0.200427,0.203086,0.958428
-0.535116,0.125511,0.835403
0.703050,0.658134,-0.269408
-0.978188,0.132658,-0.159844
0.026201,0.536073,-0.843765
-0.154249,0.345128,-0.925794
-0.383015,0.251949,-0.888719
-0.857071,0.452287,0.246710
0.000130,0.818431,0.574605
0.572029,0.568654,-0.591113
-0.298621,0.074094,0.951491
-0.846698,0.002281,0.532068
0.242754,0.002634,-0.970084
-0.624680,0.143136,0.767650
-0.382910,0.221868,0.896747
-0.973222,0.211790,-0.089348
-0.120468,0.023125,0.992448
-0.928829,0.087229,0.360095
-0.267560,0.540233,-0.797847
-0.270569,0.144561,0.951785
-0.913540,0.235938,-0.331327
-0.827648,0.558605,0.054390
-0.962469,0.218282,0.161267
-0.923443,0.187803,-0.334640
-0.930226,0.249200,0.269404
-0.903180,0.420069,-0.088358
0.862570,0.137143,0.486995
-0.933447,0.036018,0.356903
-0.922746,0.248223,-0.294830
-0.408809,0.220495,0.885583
0.810781,0.274650,0.516915
0.993050,0.117587,0.005075
-0.850072,0.522138,-0.068918
-0.697137,0.716718,0.017771
0.624164,0.244813,-0.741948
0.055342,0.304681,-0.950845
-0.195919,0.291079,-0.936423
0.471454,0.226326,-0.852354
-0.815015,0.252311,-0.521622
0.789462,0.410001,-0.456781
0.298147,0.461274,0.835664
-0.654593,0.286791,0.699470
0.308950,0.327402,-0.892949
0.854504,0.519443,-0.001243
0.860353,0.064803,-0.505563
-0.302575,0.180220,-0.935932
0.764330,0.325287,-0.556766
-0.083155,0.445771,-0.891276
0.319754,0.044811,-0.946440
-0.684067,0.196229,-0.702529
-0.928259,0.154433,-0.338357
-0.504913,0.113439,-0.855684
-0.716866,0.531015,0.451803
0.573609,0.143114,-0.806530
0.091232,0.838238,0.537619
0.748954,0.491571,0.444327
0.927847,0.337488,0.158751
0.056499,0.446463,-0.893016
-0.720900,0.610354,-0.328286
-0.312474,0.602808,0.734155
-0.693897,0.063388,-0.717279
-0.124413,0.003739,-0.992224
0.237641,0.003090,0.971348
-0.391798,0.131529,-0.910601
-0.600932,0.201044,-0.773603
0.437674,0.227546,-0.869864
-0.805113,0.018831,-0.592823
0.060937,0.085901,-0.994438
0.705561,0.676747,0.210232
-0.739342,0.116454,-0.663183
0.578800,0.281282,-0.765422
0.153214,0.574947,-0.803717
0.244510,0.221854,-0.943926
0.665711,0.211904,-0.715489
0.122190,0.248387,-0.960923
0.419151,0.447544,-0.789948
-0.943180,0.112441,0.312678
0.080251,0.036729,-0.996098
0.630330,0.277435,-0.725062
-0.621369,0.188659,-0.760466
-0.937953,0.225846,0.263131
-0.541806,0.119047,0.832030
0.454597,0.512521,-0.728467
0.281286,0.692998,-0.663801
0.319335,0.258888,0.911593
0.801145,0.311852,0.510798
0.913757,0.298705,0.275361
0.503209,0.232029,0.832432
0.837321,0.254304,-0.483966
-0.020488,0.423130,0.905837
-0.870427,0.435005,-0.230493
-0.301473,0.261392,-0.916945
0.623766,0.342624,0.702513
-0.459673,0.529604,0.712896
-0.018280,0.068498,0.997484
0.965192,0.183721,0.186149
0.078185,0.339835,0.937230
0.817597,0.463905,0.341067
0.663891,0.046111,0.746406
0.938391,0.198139,-0.283132
0.726950,0.152370,-0.669572
0.992447,0.117020,-0.036804
-0.081266,0.487614,-0.869269
0.409452,0.147211,0.900377
-0.553331,0.766409,-0.326255
-0.800815,0.490113,0.344216
-0.648340,0.345129,0.678632
0.749661,0.462650,0.473248
0.603903,0.605496,-0.518340
-0.489012,0.558612,-0.669940
0.960375,0.064597,-0.271122
0.929058,0.003716,0.369916
-0.928198,0.002784,-0.372075
0.986488,0.133574,0.094862
0.966640,0.202300,-0.157104
0.535497,0.238975,0.810021
0.902401,0.019322,-0.430464
0.838097,0.089013,0.538210
-0.569418,0.681740,0.459341
0.929765,0.117866,-0.348776
0.362876,0.302168,0.881485
0.616125,0.600450,0.509754
0.700496,0.229812,0.675642
0.274529,0.222993,0.935365
0.779125,0.256349,0.572058
0.471677,0.463839,0.749916
0.173144,0.109331,-0.978809
0.829436,0.037015,0.557374
0.303634,0.291357,0.907148
0.962288,0.192244,-0.192467
0.214357,0.219258,-0.951828
-0.453428,0.113454,-0.884043
0.395927,0.533834,0.747170
0.417467,0.734661,0.534784
-0.941975,0.248612,-0.225557
-0.856176,0.312097,0.411775
-0.718624,0.300340,0.627197
-0.973356,0.229242,-0.005059
-0.021396,0.263981,0.964291
-0.769348,0.408693,-0.490993
0.573616,0.424006,-0.700845
0.953471,0.276922,0.119197
-0.930440,0.338957,0.139245
-0.395918,0.509061,-0.764268
-0.842695,0.065523,-0.534389
-0.662884,0.185254,0.725441
-0.842530,0.326070,-0.428744
-0.735673,0.465850,0.491699
-0.983425,0.045430,0.175531
-0.255597,0.206109,0.944558
0.200854,0.159111,0.966613
-0.488598,0.116479,0.864699
0.797606,0.526526,0.294270
-0.982165,0.144737,-0.120011
0.465204,0.754595,-0.462787
0.053043,0.459376,-0.886657
-0.281424,0.323973,-0.903240
-0.805225,0.461352,0.372514
0.116867,0.639686,0.759700
0.799964,0.575076,-0.171302
-0.266404,0.065701,0.961620
-0.804367,0.003039,0.594126
0.694697,0.002170,-0.719300
-0.593612,0.136975,0.793009
-0.366051,0.205823,0.907548
-0.972405,0.232699,0.016702
-0.097013,0.019725,0.995088
-0.899276,0.088870,0.428257
-0.137568,0.654492,-0.743448
-0.192909,0.121821,0.973625
-0.939742,0.289068,-0.182551
-0.770819,0.594415,0.229149
-0.944514,0.228008,0.236443
-0.940615,0.215320,-0.262452
-0.899248,0.254506,0.355782
-0.890494,0.454984,-0.003015
0.769756,0.114203,0.628039
-0.909591,0.036088,0.413935
-0.932475,0.282985,-0.224519
-0.341324,0.196462,0.919185
0.724307,0.227892,0.650726
0.735077,0.159662,0.658916
-0.644948,0.436056,-0.627612
-0.652163,0.536709,-0.535375
0.867302,0.290603,-0.404150
0.552054,0.305087,-0.775989
0.320569,0.279056,-0.905187
0.864241,0.239865,-0.442212
-0.376203,0.214645,-0.901332
0.872232,0.486930,0.045944
-0.715062,0.468027,0.519266
-0.964558,0.202799,-0.168821
0.656183,0.346596,-0.670295
0.574250,0.642207,0.507747
0.996108,0.082005,0.032320
0.269178,0.172037,-0.947600
0.910527,0.399552,-0.106295
0.296465,0.423361,-0.856081
0.786162,0.047104,-0.616222
-0.201567,0.168237,-0.964918
-0.543583,0.125129,-0.829976
0.057800,0.104549,-0.992839
-0.870529,0.362096,-0.333266
0.919879,0.154656,-0.360423
-0.771415,0.626909,-0.109107
-0.110193,0.673226,0.731180
0.478539,0.484070,0.732583
0.457092,0.444451,-0.770409
-0.476436,0.475199,-0.739726
-0.875060,0.482781,0.034547
-0.157125,0.058461,-0.985847
0.425153,0.002585,-0.905118
-0.940793,0.001531,0.338979
0.191361,0.126387,-0.973349
-0.038627,0.187306,-0.981542
0.789913,0.248132,-0.560775
-0.307253,0.016982,-0.951476
0.577904,0.086575,-0.811500
0.197182,0.828530,0.524077
-0.251971,0.099984,-0.962556
0.795856,0.336749,-0.503202
0.436522,0.581178,-0.686791
0.695199,0.229236,-0.681285
0.922406,0.248259,-0.295862
0.593576,0.252082,-0.764279
0.734826,0.480621,-0.478576
-0.898876,0.093187,-0.428180
0.605944,0.036871,-0.794653
0.893295,0.319735,-0.315902
-0.103733,0.168411,-0.980243
-0.869075,0.188938,-0.457176
-0.958237,0.157738,0.238537
0.854110,0.438685,-0.279378
0.762512,0.541473,-0.354093
-0.126049,0.306859,0.943371
0.391642,0.313856,0.864934
0.625260,0.289552,0.724713
-0.063999,0.244724,0.967478
0.970938,0.220002,0.094227
-0.510865,0.495145,0.702743
-0.131490,0.432820,-0.891839
0.574893,0.197301,-0.794085
0.235308,0.364259,0.901080
-0.748114,0.635850,0.189789
-0.572298,0.084630,0.815667
0.691436,0.174777,0.700977
-0.408085,0.413246,0.814061
0.595282,0.443842,0.669809
0.129912,0.048179,0.990354
0.943723,0.173687,0.281459
0.987788,0.127211,-0.089953
0.837915,0.108983,0.534810
0.675735,0.356615,-0.645142
-0.169313,0.159486,0.972572
0.387972,0.597027,-0.702165
-0.588672,0.616870,-0.522433
-0.884501,0.465184,-0.035514
0.433218,0.461925,0.773917
0.868279,0.487353,-0.092621
0.354349,0.464765,-0.811437
0.938297,0.058999,0.340760
0.573418,0.003583,0.819255
0.095624,0.002399,-0.995415
0.752099,0.129050,0.646292
0.874110,0.192365,0.446013
0.069299,0.258878,0.963421
0.981963,0.015598,0.188431
0.410754,0.089697,0.907323
-0.573958,0.804925,-0.150561
0.966683,0.102021,0.234765
-0.003316,0.361722,0.932280
0.364198,0.608187,0.705315
0.231486,0.238615,0.943121
-0.242172,0.257253,0.935507
0.361254,0.259721,0.895567
0.027323,0.496089,0.867842
0.799240,0.093585,-0.593681
0.382844,0.037959,0.923033
-0.204804,0.332181,0.920712
0.907615,0.174296,0.381910
0.811934,0.187947,-0.552666
0.224967,0.149570,-0.962818
-0.208981,0.449743,0.868365
-0.111455,0.565369,0.817273
-0.743027,0.287626,-0.604303
-0.944395,0.307579,-0.116247
-0.946651,0.285375,0.149712
-0.799589,0.239830,-0.550580
-0.594047,0.221890,0.773223
-0.362577,0.474437,-0.802152
0.845180,0.462129,0.268529
0.390950,0.212438,0.895560
-0.892495,0.350430,-0.283991
0.174290,0.615980,-0.768239
-0.425305,0.079941,-0.901513
-0.958726,0.174603,0.224407
-0.502781,0.390030,-0.771419
-0.889575,0.437571,0.131105
-0.915733,0.046961,-0.399033
-0.742542,0.174886,0.646565
-0.444083,0.131112,0.886341
-0.895238,0.107939,0.432317
0.195423,0.382092,0.903225
-0.751246,0.154451,-0.641696
0.386070,0.667513,0.636692
0.697413,0.624073,-0.352347
0.407573,0.446188,-0.796744
-0.890031,0.453274,-0.048858
-0.394534,0.501144,0.770193
0.520829,0.497198,0.693924
-0.782143,0.058495,0.620347
-0.998243,0.003651,0.059148
0.846859,0.002339,0.531812
-0.943437,0.128336,0.305707
-0.835240,0.190358,0.515885
-0.857886,0.249705,-0.449088
-0.674158,0.017317,0.738384
-0.988449,0.087767,-0.123554
0.376473,0.794133,-0.477097
-0.714135,0.103419,0.692326
-0.791958,0.336805,-0.509279
-0.800583,0.593178,-0.084892
-0.927477,0.231452,-0.293625
-0.681972,0.244538,-0.689287
-0.953115,0.255150,-0.162693
-0.762207,0.480840,-0.433397
0.100882,0.096323,0.990225
-0.987468,0.036847,-0.153459
-0.688008,0.317336,-0.652643
-0.804690,0.174698,0.567411
0.056830,0.193340,0.979485
-0.183078,0.202825,0.961948
-0.191020,0.388715,-0.901339
-0.307425,0.443537,-0.841882
0.914105,0.398769,0.073453
0.883902,0.327366,-0.333990
0.750275,0.291652,-0.593318
0.947969,0.268964,0.170333
0.158709,0.200232,-0.966808
0.558955,0.601173,0.571104
-0.901305,0.338857,-0.269862
-0.663808,0.151234,-0.732453
0.871056,0.407147,-0.274760
-0.121379,0.731024,0.671469
0.712306,0.114987,0.692386
0.751837,0.177371,-0.635044
0.713758,0.541271,0.444494
0.629259,0.446370,-0.636229
0.997916,0.052999,-0.036795
0.321125,0.160701,-0.933303
-0.006455,0.113644,-0.993501
0.594458,0.106065,-0.797101
-0.543472,0.273463,-0.793635
0.945428,0.180824,0.271052
-0.654844,0.398153,-0.642381
-0.829989,0.550076,0.092387
-0.528586,0.544587,0.651170
0.755569,0.482385,-0.443193
-0.068500,0.417439,-0.906119
-0.726032,0.363731,-0.583590
0.418386,0.056051,-0.906538
0.853611,0.003410,-0.520899
-0.881873,0.000322,-0.471487
0.707421,0.128160,-0.695076
0.529134,0.184962,-0.828134
0.951874,0.300217,-0.061691
0.272839,0.016832,-0.961912
0.930086,0.093407,-0.355268
-0.464163,0.830516,0.307888
0.286944,0.093209,-0.953402
0.872130,0.466482,-0.147597
0.637282,0.638158,-0.432002
0.949688,0.256542,-0.179661
0.902257,0.322915,0.285759
0.905511,0.277071,-0.321373
0.830969,0.556302,-0.004418
-0.458969,0.081320,-0.884723
0.949111,0.040275,-0.312356
0.880557,0.402968,0.249470
0.434700,0.166071,-0.885131
-0.423698,0.165700,-0.890519
-0.724825,0.185942,-0.663366
0.879376,0.397351,0.262316
0.882178,0.457449,0.111809
-0.588885,0.412896,0.694789
-0.173061,0.335519,0.926001
0.125631,0.300017,0.945625
-0.642045,0.273109,0.716373
0.764611,0.206883,0.610385
-0.792102,0.593353,0.143200
0.635564,0.334627,-0.695761
0.952803,0.152911,-0.262269
-0.238105,0.425438,0.873103
-0.530614,0.700114,-0.477796
-0.974799,0.112749,0.192496
0.164466,0.181909,0.969464
-0.779919,0.538452,0.319055
0.219691,0.467612,0.856198
-0.489956,0.053321,0.870115
0.652196,0.165611,0.739739
0.872270,0.118325,0.474494
0.390970,0.109361,0.913883
0.951322,0.280358,-0.128009
-0.733555,0.181555,0.654931
0.852126,0.405398,-0.330958
0.269117,0.521906,-0.809438
-0.325108,0.498341,-0.803717
-0.017324,0.499823,0.865954
0.824432,0.432085,0.365534
0.844701,0.366278,-0.390282
0.577818,0.057755,0.814119
0.010222,0.003283,0.999942
0.800954,0.001377,-0.598725
0.240602,0.131274,0.961706
0.450921,0.190683,0.871957
-0.465985,0.310379,0.828567
0.702668,0.016806,0.711319
-0.179441,0.095950,0.979078
-0.069463,0.800238,-0.595646
0.688642,0.098293,0.718409
-0.390826,0.496055,0.775360
0.025976,0.664672,0.746683
-0.346932,0.264061,0.899950
-0.743400,0.327165,0.583369
-0.198243,0.283679,0.938204
-0.445484,0.566799,0.693024
0.996371,0.082948,0.019078
-0.224444,0.039776,0.973675
-0.697175,0.406632,0.590422
0.550387,0.170420,0.817332
0.984230,0.168640,0.053405
0.906882,0.189337,-0.376453
-0.688700,0.400559,0.604355
-0.575088,0.465528,0.672724
-0.326332,0.378285,-0.866261
-0.711254,0.326568,-0.622471
-0.875886,0.292027,-0.384114
-0.305289,0.265443,-0.914516
-0.923572,0.204410,0.324395
0.235187,0.574339,-0.784106
0.266925,0.356703,0.895273
-0.290487,0.158546,0.943653
-0.632694,0.400609,-0.662730
0.651779,0.706095,-0.276793
0.264198,0.106331,-0.958589
-0.916863,0.177654,-0.357493
0.066696,0.507713,-0.858941
-0.848315,0.450938,-0.277520
-0.508692,0.050877,-0.859444
-0.973160,0.165283,0.160129
-0.865476,0.117276,0.487029
-0.984293,0.106280,-0.140971
-0.408808,0.289610,0.865449
-0.212881,0.175087,-0.961263
-0.198529,0.432469,0.879521
0.562665,0.566895,0.601697
0.851016,0.523899,0.036064
-0.737822,0.482531,-0.471999
-0.757218,0.433384,0.488671
-0.118486,0.383745,0.915806
-0.996040,0.057340,0.067942
-0.863078,0.004602,-0.505050
0.080706,0.001557,0.996737
-0.948950,0.128881,-0.287897
-0.979869,0.189273,-0.063503
-0.486719,0.292403,-0.823167
-0.974430,0.015879,0.224128
-0.750785,0.094528,-0.653748
0.531867,0.826831,0.182942
-0.974201,0.097425,0.203570
-0.484834,0.447622,-0.751379
-0.663538,0.638774,-0.389467
-0.602722,0.253380,-0.756654
-0.159913,0.307024,-0.938171
-0.707645,0.274960,-0.650873
-0.387447,0.544703,-0.743763
-0.538904,0.084306,0.838138
-0.725008,0.038276,-0.687676
-0.185402,0.385977,-0.903686
-0.985058,0.167608,0.039591
-0.562529,0.170523,0.809001
-0.592891,0.176071,0.785798
-0.271988,0.372469,-0.887293
-0.448370,0.402350,-0.798172
0.740441,0.648838,0.175374
0.868637,0.376723,-0.321792
0.712718,0.327485,-0.620312
0.913637,0.311119,0.261672
0.065294,0.201574,-0.977294
0.265946,0.688643,0.674570
-0.927033,0.258427,-0.271709
-0.733657,0.126934,-0.667559
0.784595,0.537957,-0.308241
-0.439798,0.675489,0.591855
0.339130,0.150205,0.928671
0.737656,0.195610,-0.646220
0.360243,0.708034,0.607381
0.487910,0.516315,-0.703820
0.997785,0.061222,0.026033
0.221166,0.167099,-0.960814
-0.099880,0.112971,-0.988565
0.559333,0.114581,-0.820986
-0.647440,0.233691,-0.725403
0.894753,0.215636,0.391048
-0.783221,0.302813,-0.543019
-0.922075,0.387012,0.000042
-0.808602,0.404738,0.427024
0.670659,0.569191,-0.475646
-0.222589,0.400315,-0.888933
-0.786947,0.300663,-0.538810
0.373628,0.059100,-0.925694
0.844523,0.002189,-0.535514
-0.911025,0.000729,-0.412351
0.694907,0.138907,-0.705556
0.509781,0.196208,-0.837631
0.913672,0.406102,-0.016887
0.216988,0.016654,-0.976032
0.930361,0.111680,-0.349223
-0.692769,0.690707,0.207350
0.191750,0.099220,-0.976416
0.574783,0.790967,-0.209752
0.454489,0.751625,-0.478016
0.939337,0.308862,-0.149164
0.767146,0.451695,0.455476
0.888035,0.330137,-0.320007
0.734907,0.676434,0.048463
-0.500443,0.076351,-0.862396
0.954490,0.045474,-0.294757
0.751542,0.535285,0.385558
0.366132,0.174391,-0.914076
-0.469793,0.154535,-0.869145
-0.393341,0.161123,-0.905164
0.906453,0.380921,0.182323
0.911118,0.411009,-0.030581
-0.613234,0.664066,0.427738
-0.179341,0.385524,0.905101
0.166691,0.340624,0.925305
-0.706917,0.313855,0.633848
0.819924,0.208295,0.533233
-0.727334,0.666480,-0.163675
0.661760,0.253527,-0.705548
0.929765,0.127274,-0.345453
-0.176659,0.568182,0.803717
-0.307662,0.646690,-0.697952
-0.957821,0.139086,-0.251463
0.182036,0.199789,0.962781
-0.731133,0.676756,-0.086290
0.352849,0.545492,0.760221
-0.550049,0.061755,0.832846
0.728919,0.173712,0.662194
0.914655,0.114594,0.387654
0.429262,0.117800,0.895465
0.939942,0.236489,-0.246136
-0.811686,0.218453,0.541705
0.829824,0.302304,-0.469046
0.411240,0.374741,-0.830934
-0.007929,0.380196,-0.924872
0.052725,0.593455,0.803139
0.884519,0.412755,0.217391
0.837662,0.301364,-0.455524
0.617006,0.059637,0.784695
0.024132,0.003376,0.999703
0.773911,0.000727,-0.633293
0.256233,0.142807,0.956008
0.469631,0.200693,0.859749
-0.498818,0.420899,0.757644
0.743264,0.017213,0.668777
-0.189057,0.113810,0.975349
0.130876,0.667827,-0.732720
0.757873,0.101557,0.644450
-0.221960,0.855770,0.467324
0.158166,0.785985,0.597672
-0.373397,0.317780,0.871545
-0.823332,0.448530,0.347771
-0.195726,0.339564,0.919993
-0.447367,0.687739,0.571733
0.996631,0.077440,-0.027002
-0.246700,0.046729,0.967965
-0.752070,0.534832,0.385157
0.612335,0.180585,0.769698
0.987630,0.156790,0.002174
0.984494,0.168348,0.049299
-0.633346,0.384998,0.671304
-0.464094,0.421229,0.779220
-0.129156,0.595677,-0.792772
-0.689781,0.372907,-0.620598
-0.879586,0.330557,-0.342142
-0.205322,0.304333,-0.930174
-0.887329,0.207784,0.411672
0.462644,0.655553,-0.596834
0.266141,0.268381,0.925819
-0.196834,0.132664,0.971420
-0.609958,0.530386,-0.588762
0.747671,0.663254,0.032897
0.623306,0.135711,-0.770112
-0.918516,0.197138,-0.342731
0.371164,0.653271,-0.659905
-0.839556,0.528274,-0.126776
-0.448324,0.059718,-0.891874
-0.949443,0.172718,0.262156
-0.814265,0.116502,0.568683
-0.988321,0.114572,-0.100470
-0.293243,0.245237,0.924049
-0.083681,0.209188,-0.974289
-0.048398,0.321045,0.945827
0.511775,0.399147,0.760768
0.815101,0.404581,0.414637
-0.722223,0.571091,-0.390191
-0.661581,0.418216,0.622420
-0.051047,0.312894,0.948415
-0.991461,0.059824,0.115875
-0.869142,0.004326,-0.494543
0.137008,0.000783,0.990570
-0.951215,0.139899,-0.274988
-0.979142,0.198574,-0.042999
-0.417069,0.390089,-0.820904
-0.959424,0.017184,0.281443
-0.743122,0.109521,-0.660132
0.560760,0.697180,0.446641
-0.949296,0.101108,0.297681
-0.356237,0.760361,-0.543089
-0.611587,0.760208,-0.219193
-0.564999,0.304400,-0.766888
0.056466,0.419208,-0.906133
-0.693019,0.327808,-0.642080
-0.289144,0.659565,-0.693808
-0.496934,0.077439,0.864326
-0.707665,0.045545,-0.705079
0.000312,0.503139,-0.864206
-0.977459,0.177834,0.113792
-0.518680,0.158590,0.840131
-0.769716,0.138623,0.623154
-0.402391,0.354933,-0.843863
-0.598794,0.360886,-0.714988
0.017273,0.965843,0.258551
0.819172,0.436997,-0.371472
0.608453,0.371998,-0.701001
0.878971,0.364684,0.307271
-0.094870,0.201505,-0.974882
-0.059304,0.713306,0.698339
-0.953341,0.207909,-0.218896
-0.812978,0.108754,-0.572049
0.541788,0.729646,-0.417232
-0.625248,0.588248,0.512864
-0.190084,0.157217,0.969098
0.666268,0.215602,-0.713865
-0.171772,0.746953,0.642305
0.220687,0.578996,-0.784896
0.996747,0.073454,0.033164
0.040710,0.172295,-0.984204
-0.253035,0.109128,-0.961283
0.452987,0.122149,-0.883109
-0.754942,0.201403,-0.624099
0.836366,0.264465,0.480156
-0.871330,0.237923,-0.429158
-0.955457,0.295129,-0.000781
-0.895656,0.306009,0.322736
0.490389,0.669494,-0.557939
-0.412912,0.374630,-0.830155
-0.852989,0.253961,-0.455976
0.255148,0.061362,-0.964953
0.785089,0.004951,-0.619363
-0.946032,0.000913,-0.324073
0.624259,0.151405,-0.766406
0.424738,0.206155,-0.881531
0.800780,0.598431,-0.025139
0.085782,0.018234,-0.996147
0.897854,0.132724,-0.419813
-0.805321,0.567886,0.170188
0.020142,0.098822,-0.994901
-0.378948,0.894512,-0.237164
0.140818,0.835191,-0.531626
0.903876,0.385515,-0.185438
0.430240,0.635682,0.640939
0.827550,0.402186,-0.391672
0.565807,0.822447,0.058680
-0.588666,0.071496,-0.805209
0.936104,0.053676,-0.347604
0.480543,0.711203,0.513098
0.217816,0.183084,-0.958664
-0.561817,0.145452,-0.814374
-0.177758,0.131551,-0.975242
0.931163,0.361565,0.046975
0.909017,0.365406,-0.200413
-0.325748,0.898575,-0.294026
-0.111323,0.450368,0.885876
0.291821,0.386215,0.875031
-0.731453,0.366602,0.574960
0.899299,0.206805,0.385349
-0.583177,0.681707,-0.441791
0.635728,0.204970,-0.744202
0.884139,0.109201,-0.454283
0.037091,0.781625,0.622644
-0.151122,0.564009,-0.811823
-0.722576,0.141671,-0.676619
0.278270,0.222222,0.934443
-0.490473,0.690669,-0.531425
0.565357,0.611078,0.554036
-0.559909,0.074722,0.825178
0.841226,0.177901,0.510579
0.964725,0.110685,0.238861
0.539783,0.125925,0.832332
0.901932,0.201554,-0.381963
-0.860502,0.265173,0.434994
0.776709,0.237391,-0.583411
0.439732,0.287717,-0.850797
0.130799,0.293839,-0.946863
0.215718,0.700249,0.680527
0.922912,0.384403,0.021630
0.798875,0.253036,-0.545684
0.713194,0.062903,0.698138
0.128948,0.005083,0.991638
0.722317,0.000844,-0.691562
0.346953,0.154597,0.925053
0.552734,0.211166,0.806160
-0.457597,0.626717,0.630738
0.827108,0.017675,0.561765
-0.113747,0.137071,0.984009
0.223771,0.552043,-0.803228
0.861115,0.103718,0.497719
0.277792,0.875996,-0.394288
0.363808,0.870094,0.332536
-0.331779,0.400543,0.854101
-0.796170,0.601644,-0.064323
-0.108428,0.419365,0.901319
-0.375642,0.833694,0.404781
0.988623,0.072340,-0.131876
-0.193794,0.057157,0.979376
-0.720140,0.691268,0.059550
0.727951,0.189681,0.658869
0.983802,0.146543,-0.103238
0.945769,0.137686,0.294217
-0.529289,0.364553,0.766130
-0.310856,0.376563,0.872679
0.308010,0.894799,-0.323211
-0.707398,0.434345,-0.557613
-0.901208,0.375580,-0.216250
-0.149120,0.354258,-0.923182
-0.803963,0.208488,0.556935
0.642347,0.683953,-0.345830
0.319070,0.214280,0.923189
-0.071656,0.111875,0.991135
-0.578716,0.731841,-0.359856
0.776674,0.583259,0.237878
0.910731,0.143227,-0.387369
-0.943428,0.216799,-0.250883
0.660771,0.703907,-0.260568
-0.786215,0.600496,0.145846
-0.436899,0.071429,-0.896670
-0.881797,0.177278,0.437042
-0.712477,0.112244,0.692660
-0.992005,0.124244,0.022146
-0.147073,0.209806,0.966618
0.023828,0.253613,-0.967012
0.095236,0.249396,0.963707
0.517060,0.302968,0.800536
0.764300,0.309074,0.565968
-0.706654,0.677537,-0.203923
-0.513111,0.389815,0.764697
0.054002,0.261679,0.963643
-0.968332,0.063412,0.241479
-0.913088,0.003509,-0.407748
0.223542,0.000195,0.974694
-0.970895,0.152071,-0.185032
-0.976369,0.209400,0.053430
-0.344700,0.570243,-0.745657
-0.913393,0.016684,0.406737
-0.783245,0.132061,-0.607525
0.581279,0.575338,0.575414
-0.880801,0.103190,0.462105
0.102074,0.957082,0.271246
-0.505560,0.859408,0.076341
-0.572049,0.379156,-0.727324
0.368725,0.571286,-0.733263
-0.720368,0.399559,-0.566942
-0.190828,0.801345,-0.566949
-0.400836,0.072225,0.913298
-0.743153,0.054847,-0.666870
0.240865,0.658593,-0.712909
-0.945318,0.187048,0.267182
-0.423414,0.148845,0.893625
-0.891656,0.109837,0.439186
-0.455581,0.332719,-0.825678
-0.659388,0.319187,-0.680682
-0.742955,0.657781,0.123867
0.766579,0.513406,-0.385707
0.512011,0.417601,-0.750636
0.793779,0.434892,0.425188
-0.183535,0.196871,-0.963097
-0.413962,0.663854,0.622843
-0.952323,0.173653,-0.250849
-0.826817,0.093083,-0.554715
0.052478,0.866960,-0.495608
-0.775315,0.501107,0.384419
-0.655695,0.127653,0.744156
0.624546,0.236625,-0.744278
-0.630547,0.609300,0.480795
-0.052069,0.588505,-0.806815
0.989468,0.092209,0.111581
-0.076773,0.170529,-0.982357
-0.324423,0.103679,-0.940213
0.385433,0.130173,-0.913508
-0.784778,0.172872,-0.595180
0.677611,0.334727,0.654829
-0.889756,0.193413,-0.413432
-0.969214,0.236069,-0.069973
-0.951757,0.242066,0.188580
0.259290,0.749530,-0.609076
-0.505804,0.339350,-0.793097
-0.863760,0.217700,-0.454450
0.191560,0.062740,-0.979474
0.739313,0.005332,-0.673341
-0.942512,0.001398,-0.334169
0.589853,0.164650,-0.790547
0.387507,0.216028,-0.896198
0.382438,0.923916,-0.011016
0.021573,0.017418,-0.999616
0.873492,0.163990,-0.458387
-0.877229,0.473534,0.078966
-0.085793,0.097754,-0.991506
-0.825351,0.528036,-0.199934
-0.185225,0.822721,-0.537422
0.844075,0.504246,-0.182410
-0.287027,0.683490,0.671161
0.744077,0.503782,-0.438809
0.267305,0.959547,0.088417
-0.606339,0.065543,-0.792501
0.929610,0.067138,-0.362377
-0.091003,0.808826,0.580964
0.121618,0.187448,-0.974717
-0.582514,0.135488,-0.801449
0.039002,0.107865,-0.993400
0.941003,0.338356,-0.005425
0.908427,0.322856,-0.265565
0.170494,0.605393,-0.777452
-0.076261,0.531808,0.843424
0.386621,0.436030,0.812651
-0.789874,0.435528,0.431758
0.931988,0.202043,0.300960
-0.347966,0.631939,-0.692512
0.668089,0.171676,-0.724006
0.877312,0.093807,-0.470663
0.353098,0.916936,0.185879
0.031689,0.485663,-0.873572
-0.332916,0.116810,-0.935694
0.326143,0.247292,0.912402
-0.138679,0.567396,-0.811683
0.722204,0.617425,0.311780
-0.633280,0.095257,0.768038
0.897794,0.176072,0.403688
0.980692,0.105670,0.164551
0.600406,0.134633,0.788281
0.893412,0.172879,-0.414642
-0.924195,0.328994,0.193977
0.777350,0.193043,-0.598716
0.513064,0.231611,-0.826512
0.279768,0.234757,-0.930924
0.379314,0.785125,0.489591
0.935104,0.345721,-0.077823
0.805970,0.216936,-0.550773
0.758086,0.064354,0.648971
0.197678,0.005523,0.980251
0.734472,0.000654,-0.678639
0.386725,0.168570,0.906658
0.583402,0.221448,0.781411
-0.278475,0.943136,0.181509
0.862441,0.017234,0.505864
-0.072653,0.171661,0.982473
0.340746,0.463084,-0.818197
0.910086,0.101467,0.401805
0.500037,0.508415,-0.701055
0.534149,0.844331,0.042316
-0.314930,0.525766,0.790183
-0.461585,0.613130,-0.641101
-0.029810,0.531627,0.846454
-0.252364,0.960613,0.116336
0.986361,0.066576,-0.150531
-0.186309,0.069468,0.980032
-0.483524,0.752301,-0.447492
0.791904,0.193247,0.579262
0.982554,0.135937,-0.126921
0.853591,0.110795,0.509026
-0.486304,0.341911,0.804118
-0.249271,0.329692,0.910586
0.575319,0.678582,0.456656
-0.689256,0.513023,-0.511599
-0.898274,0.425191,-0.110976
-0.003775,0.419397,-0.907795
-0.748455,0.202361,0.631557
0.761261,0.648378,-0.009401
0.285220,0.178087,0.941772
-0.049086,0.096966,0.994077
-0.406351,0.909326,0.089471
0.743468,0.502748,0.441021
0.986487,0.122947,0.108293
-0.949631,0.240122,-0.201351
0.769247,0.600889,0.217235
-0.671668,0.620000,0.405539
-0.356520,0.090344,-0.929909
-0.821735,0.177473,0.541531
-0.657355,0.107164,0.745923
-0.986544,0.132878,0.095257
-0.110419,0.177843,0.977844
0.247304,0.314916,-0.916334
0.112318,0.200924,0.973147
0.458077,0.241350,0.855520
0.672990,0.244742,0.697987
-0.637945,0.769879,0.017683
-0.430669,0.353548,0.830378
0.058156,0.223548,0.972957
-0.950373,0.065367,0.304168
-0.936688,0.004552,-0.350134
0.208461,0.001514,0.978029
-0.975492,0.166685,-0.143636
-0.971398,0.219189,0.091339
-0.104789,0.881486,-0.460436
-0.883654,0.016802,0.467839
-0.801457,0.162280,-0.575615
0.536702,0.480724,0.693437
-0.825169,0.102356,0.555536
0.328654,0.569057,0.753764
-0.348260,0.858403,0.376642
-0.530329,0.492319,-0.690198
0.744531,0.635951,-0.203076
-0.715060,0.503098,-0.485368
-0.015410,0.940021,-0.340768
-0.381501,0.067969,0.921866
-0.744753,0.066384,-0.664030
0.574122,0.760690,-0.302877
-0.912714,0.192001,0.360677
-0.398644,0.137888,0.906681
-0.937264,0.090432,-0.336688
0.078733,0.310547,-0.947292
-0.176269,0.281137,-0.943340
-0.749421,0.390858,-0.534414
0.778492,0.624067,0.067014
0.773250,0.465954,-0.430083
0.157593,0.530394,0.832974
0.345881,0.189115,-0.919022
-0.828395,0.559987,-0.013263
-0.594270,0.148503,-0.790436
-0.347753,0.081490,-0.934038
-0.135328,0.742167,-0.656410
-0.853700,0.423424,-0.303163
-0.987778,0.093741,-0.124525
0.917213,0.265625,-0.296923
-0.855180,0.446699,-0.262921
0.198231,0.548080,-0.812597
0.629973,0.128419,0.765926
0.418450,0.165302,-0.893070
0.232655,0.098329,-0.967576
0.802257,0.138811,-0.580616
-0.300665,0.149719,-0.941905
-0.237116,0.413166,0.879244
-0.478826,0.160981,-0.863024
-0.705741,0.193881,-0.681425
-0.835146,0.195841,-0.513982
0.328188,0.777143,-0.536974
-0.017131,0.305741,-0.951961
-0.426320,0.188383,-0.884739
0.685176,0.065358,-0.725439
0.976356,0.006611,-0.216068
-0.546672,0.000500,-0.837347
0.922983,0.180419,-0.339930
0.818306,0.226429,-0.528304
-0.387893,0.865100,-0.318028
0.554255,0.016190,-0.832190
0.974560,0.218238,0.051042
-0.738621,0.397409,-0.544524
0.426749,0.096439,-0.899214
-0.633150,0.332451,-0.698998
-0.078376,0.726694,-0.682475
0.656162,0.712981,0.247202
-0.870341,0.480224,-0.109045
0.751255,0.654473,-0.085326
-0.181922,0.983067,-0.022005
-0.031981,0.060935,-0.997629
0.970453,0.087715,0.224784
-0.759116,0.650600,-0.021510
0.593422,0.189484,-0.782270
-0.011433,0.124721,-0.992126
0.732576,0.090107,-0.674695
0.785479,0.318463,0.530664
0.909822,0.289131,0.297702
0.793813,0.391463,-0.465423
-0.484860,0.635574,0.600796
-0.042487,0.485988,0.872932
-0.798079,0.511109,-0.319120
0.626063,0.195487,0.754871
0.387439,0.547038,-0.742051
0.977697,0.148863,-0.148151
0.986443,0.083478,0.141283
0.610302,0.783481,0.116998
0.666689,0.419925,-0.615783
0.551169,0.091873,-0.829321
-0.227436,0.273383,0.934631
0.609845,0.438289,-0.660296
0.602699,0.579451,0.548626
-0.988057,0.123703,0.091877
0.566208,0.172893,0.805926
0.727390,0.100377,0.678843
0.085078,0.143190,0.986032
0.970529,0.154378,0.185041
-0.636105,0.383513,-0.669544
0.986159,0.165222,-0.013878
0.932109,0.195602,-0.304816
0.843644,0.195840,-0.499912
0.276760,0.814079,0.510567
0.839212,0.315396,0.443000
0.980273,0.191998,0.046925
0.278734,0.065951,0.958101
-0.342658,0.005679,0.939443
0.996434,0.000364,-0.084370
-0.188111,0.183957,0.964766
0.036641,0.232524,0.971900
0.383438,0.864691,-0.324476
0.441453,0.016884,0.897126
-0.589562,0.226458,0.775328
0.825795,0.398473,-0.399102
0.568670,0.098942,0.816594
0.899005,0.340195,-0.275785
0.618969,0.753615,0.221229
-0.599591,0.717836,0.353839
0.459399,0.461364,-0.759010
-0.360844,0.679727,0.638563
0.067170,0.973712,-0.217652
0.885197,0.061414,0.461144
-0.727083,0.088768,0.680787
0.333172,0.624576,-0.706330
0.376137,0.196495,0.905489
0.870753,0.128828,0.474544
0.204232,0.092057,0.974584
-0.864390,0.318184,0.389344
-0.734153,0.289951,0.613961
-0.043911,0.423112,0.905013
-0.292871,0.607159,-0.738637
-0.729938,0.465203,-0.500776
0.641666,0.506835,-0.575659
-0.972096,0.192456,0.134130
0.442519,0.573099,0.689735
-0.384313,0.152374,0.910541
-0.638458,0.085359,0.764908
-0.473632,0.798310,0.371986
0.187487,0.434056,0.881161
0.438453,0.097492,0.893451
-0.690751,0.262461,-0.673778
0.247130,0.466828,0.849116
-0.800034,0.571271,0.183291
0.358664,0.118970,-0.925854
-0.984251,0.168925,0.052103
-0.959679,0.100231,0.262621
-0.888499,0.137897,-0.437669
-0.669288,0.155168,0.726620
0.872503,0.391530,-0.292306
-0.509519,0.168920,0.843716
-0.226242,0.200940,0.953120
-0.008995,0.202644,0.979211
-0.603125,0.793411,-0.082091
-0.822811,0.315040,0.473003
-0.553721,0.195156,0.809510
-0.963878,0.064647,-0.258378
-0.633493,0.005377,-0.773730
-0.450100,0.000698,0.892978
-0.734371,0.178734,-0.654793
-0.854238,0.226571,-0.467914
0.005165,0.928131,0.372219
-0.995767,0.018383,-0.090060
-0.386669,0.209706,-0.898059
-0.087693,0.408994,0.908314
-0.994045,0.097142,0.049375
-0.267416,0.360309,0.893681
-0.540073,0.757625,0.366504
-0.056362,0.671045,-0.739271
0.413399,0.506171,0.756897
-0.391283,0.635539,-0.665573
0.115705,0.988630,0.096035
-0.853892,0.062651,0.516665
-0.243821,0.084065,-0.966170
0.427717,0.674224,0.602063
-0.969071,0.190770,-0.156550
-0.859036,0.127986,0.495658
