1,1,1
2,1,1
3,1,1
4,1,1
5,1,1
6,1,1
7,1,1
8,1,1
9,1,1
10,1,1
11,1,1
12,1,1
13,1,1
14,1,1
15,1,1
16,1,1
17,1,1
18,1,1
19,1,1
20,1,1
21,1,1
22,1,1
23,1,1
24,1,1
25,1,1
26,1,1
27,1,1
28,1,1
29,1,1
30,1,1
31,1,1
32,1,1
33,1,1
34,1,1
35,1,1
36,1,1
37,1,1
38,1,1
39,1,1
40,1,1
41,1,1
42,1,1
43,1,1
44,1,1
45,1,1
46,1,1
47,1,1
48,1,1
49,1,1
50,1,1
51,1,1
52,1,1
53,1,1
54,1,1
55,1,1
56,1,1
57,1,1
58,1,1
59,1,1
60,1,1
61,1,1
62,1,1
63,1,1
64,1,1
65,1,1
66,1,1
67,1,1
68,1,1
69,1,1
70,1,1
1,2,1
2,2,1
3,2,1
4,2,1
5,2,1
6,2,1
7,2,1
8,2,1
9,2,1
10,2,1
11,2,1
12,2,1
13,2,1
14,2,1
15,2,1
16,2,1
17,2,1
18,2,1
19,2,1
20,2,1
21,2,1
22,2,1
23,2,1
24,2,1
25,2,1
26,2,1
27,2,1
28,2,1
29,2,1
30,2,1
31,2,1
32,2,1
33,2,1
34,2,1
35,2,1
36,2,1
37,2,1
38,2,1
39,2,1
40,2,1
41,2,1
42,2,1
43,2,1
44,2,1
45,2,1
46,2,1
47,2,1
48,2,1
49,2,1
50,2,1
51,2,1
52,2,1
53,2,1
54,2,1
55,2,1
56,2,1
57,2,1
58,2,1
59,2,1
60,2,1
61,2,1
62,2,1
63,2,1
64,2,1
65,2,1
66,2,1
67,2,1
68,2,1
69,2,1
70,2,1
1,3,1
2,3,1
3,3,1
4,3,1
5,3,1
6,3,1
7,3,1
8,3,1
9,3,1
10,3,1
11,3,1
12,3,1
13,3,1
14,3,1
15,3,1
16,3,1
17,3,1
18,3,1
19,3,1
20,3,1
21,3,1
22,3,1
23,3,1
24,3,1
25,3,1
26,3,1
27,3,1
28,3,1
29,3,1
30,3,1
31,3,1
32,3,1
33,3,1
34,3,1
35,3,1
36,3,1
37,3,1
38,3,1
39,3,1
40,3,1
41,3,1
42,3,1
43,3,1
44,3,1
45,3,1
46,3,1
47,3,1
48,3,1
49,3,1
50,3,1
51,3,1
52,3,1
53,3,1
54,3,1
55,3,1
56,3,1
57,3,1
58,3,1
59,3,1
60,3,1
61,3,1
62,3,1
63,3,1
64,3,1
65,3,1
66,3,1
67,3,1
68,3,1
69,3,1
70,3,1
1,1,2
2,1,2
3,1,2
4,1,2
5,1,2
6,1,2
7,1,2
8,1,2
9,1,2
10,1,2
11,1,2
12,1,2
13,1,2
14,1,2
15,1,2
16,1,2
17,1,2
18,1,2
19,1,2
20,1,2
21,1,2
22,1,2
23,1,2
24,1,2
25,1,2
26,1,2
27,1,2
28,1,2
29,1,2
30,1,2
31,1,2
32,1,2
33,1,2
34,1,2
35,1,2
36,1,2
37,1,2
38,1,2
39,1,2
40,1,2
41,1,2
42,1,2
43,1,2
44,1,2
45,1,2
46,1,2
47,1,2
48,1,2
49,1,2
50,1,2
51,1,2
52,1,2
53,1,2
54,1,2
55,1,2
56,1,2
57,1,2
58,1,2
59,1,2
60,1,2
61,1,2
62,1,2
63,1,2
64,1,2
65,1,2
66,1,2
67,1,2
68,1,2
69,1,2
70,1,2
1,2,2
2,2,2
3,2,2
4,2,2
5,2,2
6,2,2
7,2,2
8,2,2
9,2,2
10,2,2
11,2,2
12,2,2
13,2,2
14,2,2
15,2,2
16,2,2
17,2,2
18,2,2
19,2,2
20,2,2
21,2,2
22,2,2
23,2,2
24,2,2
25,2,2
26,2,2
27,2,2
28,2,2
29,2,2
30,2,2
31,2,2
32,2,2
33,2,2
34,2,2
35,2,2
36,2,2
37,2,2
38,2,2
39,2,2
40,2,2
41,2,2
42,2,2
43,2,2
44,2,2
45,2,2
46,2,2
47,2,2
48,2,2
49,2,2
50,2,2
51,2,2
52,2,2
53,2,2
54,2,2
55,2,2
56,2,2
57,2,2
58,2,2
59,2,2
60,2,2
61,2,2
62,2,2
63,2,2
64,2,2
65,2,2
66,2,2
67,2,2
68,2,2
69,2,2
70,2,2
1,3,2
2,3,2
3,3,2
4,3,2
5,3,2
6,3,2
7,3,2
8,3,2
9,3,2
10,3,2
11,3,2
12,3,2
13,3,2
14,3,2
15,3,2
16,3,2
17,3,2
18,3,2
19,3,2
20,3,2
21,3,2
22,3,2
23,3,2
24,3,2
25,3,2
26,3,2
27,3,2
28,3,2
29,3,2
30,3,2
31,3,2
32,3,2
33,3,2
34,3,2
35,3,2
36,3,2
37,3,2
38,3,2
39,3,2
40,3,2
41,3,2
42,3,2
43,3,2
44,3,2
45,3,2
46,3,2
47,3,2
48,3,2
49,3,2
50,3,2
51,3,2
52,3,2
53,3,2
54,3,2
55,3,2
56,3,2
57,3,2
58,3,2
59,3,2
60,3,2
61,3,2
62,3,2
63,3,2
64,3,2
65,3,2
66,3,2
67,3,2
68,3,2
69,3,2
70,3,2
1,1,3
2,1,3
3,1,3
4,1,3
5,1,3
6,1,3
7,1,3
8,1,3
9,1,3
10,1,3
11,1,3
12,1,3
13,1,3
14,1,3
15,1,3
16,1,3
17,1,3
18,1,3
19,1,3
20,1,3
21,1,3
22,1,3
23,1,3
24,1,3
25,1,3
26,1,3
27,1,3
28,1,3
29,1,3
30,1,3
31,1,3
32,1,3
33,1,3
34,1,3
35,1,3
36,1,3
37,1,3
38,1,3
39,1,3
40,1,3
41,1,3
42,1,3
43,1,3
44,1,3
45,1,3
46,1,3
47,1,3
48,1,3
49,1,3
50,1,3
51,1,3
52,1,3
53,1,3
54,1,3
55,1,3
56,1,3
57,1,3
58,1,3
59,1,3
60,1,3
61,1,3
62,1,3
63,1,3
64,1,3
65,1,3
66,1,3
67,1,3
68,1,3
69,1,3
70,1,3
1,2,3
2,2,3
3,2,3
4,2,3
5,2,3
6,2,3
7,2,3
8,2,3
9,2,3
10,2,3
11,2,3
12,2,3
13,2,3
14,2,3
15,2,3
16,2,3
17,2,3
18,2,3
19,2,3
20,2,3
21,2,3
22,2,3
23,2,3
24,2,3
25,2,3
26,2,3
27,2,3
28,2,3
29,2,3
30,2,3
31,2,3
32,2,3
33,2,3
34,2,3
35,2,3
36,2,3
37,2,3
38,2,3
39,2,3
40,2,3
41,2,3
42,2,3
43,2,3
44,2,3
45,2,3
46,2,3
47,2,3
48,2,3
49,2,3
50,2,3
51,2,3
52,2,3
53,2,3
54,2,3
55,2,3
56,2,3
57,2,3
58,2,3
59,2,3
60,2,3
61,2,3
62,2,3
63,2,3
64,2,3
65,2,3
66,2,3
67,2,3
68,2,3
69,2,3
70,2,3
1,3,3
2,3,3
3,3,3
4,3,3
5,3,3
6,3,3
7,3,3
8,3,3
9,3,3
10,3,3
11,3,3
12,3,3
13,3,3
14,3,3
15,3,3
16,3,3
17,3,3
18,3,3
19,3,3
20,3,3
21,3,3
22,3,3
23,3,3
24,3,3
25,3,3
26,3,3
27,3,3
28,3,3
29,3,3
30,3,3
31,3,3
32,3,3
33,3,3
34,3,3
35,3,3
36,3,3
37,3,3
38,3,3
39,3,3
40,3,3
41,3,3
42,3,3
43,3,3
44,3,3
45,3,3
46,3,3
47,3,3
48,3,3
49,3,3
50,3,3
51,3,3
52,3,3
53,3,3
54,3,3
55,3,3
56,3,3
57,3,3
58,3,3
59,3,3
60,3,3
61,3,3
62,3,3
63,3,3
64,3,3
65,3,3
66,3,3
67,3,3
68,3,3
69,3,3
70,3,3
1,1,4
2,1,4
3,1,4
4,1,4
5,1,4
6,1,4
7,1,4
8,1,4
9,1,4
10,1,4
11,1,4
12,1,4
13,1,4
14,1,4
15,1,4
16,1,4
17,1,4
18,1,4
19,1,4
20,1,4
21,1,4
22,1,4
23,1,4
24,1,4
25,1,4
26,1,4
27,1,4
28,1,4
29,1,4
30,1,4
31,1,4
32,1,4
33,1,4
34,1,4
35,1,4
36,1,4
37,1,4
38,1,4
39,1,4
40,1,4
41,1,4
42,1,4
43,1,4
44,1,4
45,1,4
46,1,4
47,1,4
48,1,4
49,1,4
50,1,4
51,1,4
52,1,4
53,1,4
54,1,4
55,1,4
56,1,4
57,1,4
58,1,4
59,1,4
60,1,4
61,1,4
62,1,4
63,1,4
64,1,4
65,1,4
66,1,4
67,1,4
68,1,4
69,1,4
70,1,4
1,2,4
2,2,4
3,2,4
4,2,4
5,2,4
6,2,4
7,2,4
8,2,4
9,2,4
10,2,4
11,2,4
12,2,4
13,2,4
14,2,4
15,2,4
16,2,4
17,2,4
18,2,4
19,2,4
20,2,4
21,2,4
22,2,4
23,2,4
24,2,4
25,2,4
26,2,4
27,2,4
28,2,4
29,2,4
30,2,4
31,2,4
32,2,4
33,2,4
34,2,4
35,2,4
36,2,4
37,2,4
38,2,4
39,2,4
40,2,4
41,2,4
42,2,4
43,2,4
44,2,4
45,2,4
46,2,4
47,2,4
48,2,4
49,2,4
50,2,4
51,2,4
52,2,4
53,2,4
54,2,4
55,2,4
56,2,4
57,2,4
58,2,4
59,2,4
60,2,4
61,2,4
62,2,4
63,2,4
64,2,4
65,2,4
66,2,4
67,2,4
68,2,4
69,2,4
70,2,4
1,3,4
2,3,4
3,3,4
4,3,4
5,3,4
6,3,4
7,3,4
8,3,4
9,3,4
10,3,4
11,3,4
12,3,4
13,3,4
14,3,4
15,3,4
16,3,4
17,3,4
18,3,4
19,3,4
20,3,4
21,3,4
22,3,4
23,3,4
24,3,4
25,3,4
26,3,4
27,3,4
28,3,4
29,3,4
30,3,4
31,3,4
32,3,4
33,3,4
34,3,4
35,3,4
36,3,4
37,3,4
38,3,4
39,3,4
40,3,4
41,3,4
42,3,4
43,3,4
44,3,4
45,3,4
46,3,4
47,3,4
48,3,4
49,3,4
50,3,4
51,3,4
52,3,4
53,3,4
54,3,4
55,3,4
56,3,4
57,3,4
58,3,4
59,3,4
60,3,4
61,3,4
62,3,4
63,3,4
64,3,4
65,3,4
66,3,4
67,3,4
68,3,4
69,3,4
70,3,4
1,1,5
2,1,5
3,1,5
4,1,5
5,1,5
6,1,5
7,1,5
8,1,5
9,1,5
10,1,5
11,1,5
12,1,5
13,1,5
14,1,5
15,1,5
16,1,5
17,1,5
18,1,5
19,1,5
20,1,5
21,1,5
22,1,5
23,1,5
24,1,5
25,1,5
26,1,5
27,1,5
28,1,5
29,1,5
30,1,5
31,1,5
32,1,5
33,1,5
34,1,5
35,1,5
36,1,5
37,1,5
38,1,5
39,1,5
40,1,5
41,1,5
42,1,5
43,1,5
44,1,5
45,1,5
46,1,5
47,1,5
48,1,5
49,1,5
50,1,5
51,1,5
52,1,5
53,1,5
54,1,5
55,1,5
56,1,5
57,1,5
58,1,5
59,1,5
60,1,5
61,1,5
62,1,5
63,1,5
64,1,5
65,1,5
66,1,5
67,1,5
68,1,5
69,1,5
70,1,5
1,2,5
2,2,5
3,2,5
4,2,5
5,2,5
6,2,5
7,2,5
8,2,5
9,2,5
10,2,5
11,2,5
12,2,5
13,2,5
14,2,5
15,2,5
16,2,5
17,2,5
18,2,5
19,2,5
20,2,5
21,2,5
22,2,5
23,2,5
24,2,5
25,2,5
26,2,5
27,2,5
28,2,5
29,2,5
30,2,5
31,2,5
32,2,5
33,2,5
34,2,5
35,2,5
36,2,5
37,2,5
38,2,5
39,2,5
40,2,5
41,2,5
42,2,5
43,2,5
44,2,5
45,2,5
46,2,5
47,2,5
48,2,5
49,2,5
50,2,5
51,2,5
52,2,5
53,2,5
54,2,5
55,2,5
56,2,5
57,2,5
58,2,5
59,2,5
60,2,5
61,2,5
62,2,5
63,2,5
64,2,5
65,2,5
66,2,5
67,2,5
68,2,5
69,2,5
70,2,5
1,3,5
2,3,5
3,3,5
4,3,5
5,3,5
6,3,5
7,3,5
8,3,5
9,3,5
10,3,5
11,3,5
12,3,5
13,3,5
14,3,5
15,3,5
16,3,5
17,3,5
18,3,5
19,3,5
20,3,5
21,3,5
22,3,5
23,3,5
24,3,5
25,3,5
26,3,5
27,3,5
28,3,5
29,3,5
30,3,5
31,3,5
32,3,5
33,3,5
34,3,5
35,3,5
36,3,5
37,3,5
38,3,5
39,3,5
40,3,5
41,3,5
42,3,5
43,3,5
44,3,5
45,3,5
46,3,5
47,3,5
48,3,5
49,3,5
50,3,5
51,3,5
52,3,5
53,3,5
54,3,5
55,3,5
56,3,5
57,3,5
58,3,5
59,3,5
60,3,5
61,3,5
62,3,5
63,3,5
64,3,5
65,3,5
66,3,5
67,3,5
68,3,5
69,3,5
70,3,5
1,1,6
2,1,6
3,1,6
4,1,6
5,1,6
6,1,6
7,1,6
8,1,6
9,1,6
10,1,6
11,1,6
12,1,6
13,1,6
14,1,6
15,1,6
16,1,6
17,1,6
18,1,6
19,1,6
20,1,6
21,1,6
22,1,6
23,1,6
24,1,6
25,1,6
26,1,6
27,1,6
28,1,6
29,1,6
30,1,6
31,1,6
32,1,6
33,1,6
34,1,6
35,1,6
36,1,6
37,1,6
38,1,6
39,1,6
40,1,6
41,1,6
42,1,6
43,1,6
44,1,6
45,1,6
46,1,6
47,1,6
48,1,6
49,1,6
50,1,6
51,1,6
52,1,6
53,1,6
54,1,6
55,1,6
56,1,6
57,1,6
58,1,6
59,1,6
60,1,6
61,1,6
62,1,6
63,1,6
64,1,6
65,1,6
66,1,6
67,1,6
68,1,6
69,1,6
70,1,6
1,2,6
2,2,6
3,2,6
4,2,6
5,2,6
6,2,6
7,2,6
8,2,6
9,2,6
10,2,6
11,2,6
12,2,6
13,2,6
14,2,6
15,2,6
16,2,6
17,2,6
18,2,6
19,2,6
20,2,6
21,2,6
22,2,6
23,2,6
24,2,6
25,2,6
26,2,6
27,2,6
28,2,6
29,2,6
30,2,6
31,2,6
32,2,6
33,2,6
34,2,6
35,2,6
36,2,6
37,2,6
38,2,6
39,2,6
40,2,6
41,2,6
42,2,6
43,2,6
44,2,6
45,2,6
46,2,6
47,2,6
48,2,6
49,2,6
50,2,6
51,2,6
52,2,6
53,2,6
54,2,6
55,2,6
56,2,6
57,2,6
58,2,6
59,2,6
60,2,6
61,2,6
62,2,6
63,2,6
64,2,6
65,2,6
66,2,6
67,2,6
68,2,6
69,2,6
70,2,6
1,3,6
2,3,6
3,3,6
4,3,6
5,3,6
6,3,6
7,3,6
8,3,6
9,3,6
10,3,6
11,3,6
12,3,6
13,3,6
14,3,6
15,3,6
16,3,6
17,3,6
18,3,6
19,3,6
20,3,6
21,3,6
22,3,6
23,3,6
24,3,6
25,3,6
26,3,6
27,3,6
28,3,6
29,3,6
30,3,6
31,3,6
32,3,6
33,3,6
34,3,6
35,3,6
36,3,6
37,3,6
38,3,6
39,3,6
40,3,6
41,3,6
42,3,6
43,3,6
44,3,6
45,3,6
46,3,6
47,3,6
48,3,6
49,3,6
50,3,6
51,3,6
52,3,6
53,3,6
54,3,6
55,3,6
56,3,6
57,3,6
58,3,6
59,3,6
60,3,6
61,3,6
62,3,6
63,3,6
64,3,6
65,3,6
66,3,6
67,3,6
68,3,6
69,3,6
70,3,6
1,1,7
2,1,7
3,1,7
4,1,7
5,1,7
6,1,7
7,1,7
8,1,7
9,1,7
10,1,7
11,1,7
12,1,7
13,1,7
14,1,7
15,1,7
16,1,7
17,1,7
18,1,7
19,1,7
20,1,7
21,1,7
22,1,7
23,1,7
24,1,7
25,1,7
26,1,7
27,1,7
28,1,7
29,1,7
30,1,7
31,1,7
32,1,7
33,1,7
34,1,7
35,1,7
36,1,7
37,1,7
38,1,7
39,1,7
40,1,7
41,1,7
42,1,7
43,1,7
44,1,7
45,1,7
46,1,7
47,1,7
48,1,7
49,1,7
50,1,7
51,1,7
52,1,7
53,1,7
54,1,7
55,1,7
56,1,7
57,1,7
58,1,7
59,1,7
60,1,7
61,1,7
62,1,7
63,1,7
64,1,7
65,1,7
66,1,7
67,1,7
68,1,7
69,1,7
70,1,7
1,2,7
2,2,7
3,2,7
4,2,7
5,2,7
6,2,7
7,2,7
8,2,7
9,2,7
10,2,7
11,2,7
12,2,7
13,2,7
14,2,7
15,2,7
16,2,7
17,2,7
18,2,7
19,2,7
20,2,7
21,2,7
22,2,7
23,2,7
24,2,7
25,2,7
26,2,7
27,2,7
28,2,7
29,2,7
30,2,7
31,2,7
32,2,7
33,2,7
34,2,7
35,2,7
36,2,7
37,2,7
38,2,7
39,2,7
40,2,7
41,2,7
42,2,7
43,2,7
44,2,7
45,2,7
46,2,7
47,2,7
48,2,7
49,2,7
50,2,7
51,2,7
52,2,7
53,2,7
54,2,7
55,2,7
56,2,7
57,2,7
58,2,7
59,2,7
60,2,7
61,2,7
62,2,7
63,2,7
64,2,7
65,2,7
66,2,7
67,2,7
68,2,7
69,2,7
70,2,7
1,3,7
2,3,7
3,3,7
4,3,7
5,3,7
6,3,7
7,3,7
8,3,7
9,3,7
10,3,7
11,3,7
12,3,7
13,3,7
14,3,7
15,3,7
16,3,7
17,3,7
18,3,7
19,3,7
20,3,7
21,3,7
22,3,7
23,3,7
24,3,7
25,3,7
26,3,7
27,3,7
28,3,7
29,3,7
30,3,7
31,3,7
32,3,7
33,3,7
34,3,7
35,3,7
36,3,7
37,3,7
38,3,7
39,3,7
40,3,7
41,3,7
42,3,7
43,3,7
44,3,7
45,3,7
46,3,7
47,3,7
48,3,7
49,3,7
50,3,7
51,3,7
52,3,7
53,3,7
54,3,7
55,3,7
56,3,7
57,3,7
58,3,7
59,3,7
60,3,7
61,3,7
62,3,7
63,3,7
64,3,7
65,3,7
66,3,7
67,3,7
68,3,7
69,3,7
70,3,7
1,1,8
2,1,8
3,1,8
4,1,8
5,1,8
6,1,8
7,1,8
8,1,8
9,1,8
10,1,8
11,1,8
12,1,8
13,1,8
14,1,8
15,1,8
16,1,8
17,1,8
18,1,8
19,1,8
20,1,8
21,1,8
22,1,8
23,1,8
24,1,8
25,1,8
26,1,8
27,1,8
28,1,8
29,1,8
30,1,8
31,1,8
32,1,8
33,1,8
34,1,8
35,1,8
36,1,8
37,1,8
38,1,8
39,1,8
40,1,8
41,1,8
42,1,8
43,1,8
44,1,8
45,1,8
46,1,8
47,1,8
48,1,8
49,1,8
50,1,8
51,1,8
52,1,8
53,1,8
54,1,8
55,1,8
56,1,8
57,1,8
58,1,8
59,1,8
60,1,8
61,1,8
62,1,8
63,1,8
64,1,8
65,1,8
66,1,8
67,1,8
68,1,8
69,1,8
70,1,8
1,2,8
2,2,8
3,2,8
4,2,8
5,2,8
6,2,8
7,2,8
8,2,8
9,2,8
10,2,8
11,2,8
12,2,8
13,2,8
14,2,8
15,2,8
16,2,8
17,2,8
18,2,8
19,2,8
20,2,8
21,2,8
22,2,8
23,2,8
24,2,8
25,2,8
26,2,8
27,2,8
28,2,8
29,2,8
30,2,8
31,2,8
32,2,8
33,2,8
34,2,8
35,2,8
36,2,8
37,2,8
38,2,8
39,2,8
40,2,8
41,2,8
42,2,8
43,2,8
44,2,8
45,2,8
46,2,8
47,2,8
48,2,8
49,2,8
50,2,8
51,2,8
52,2,8
53,2,8
54,2,8
55,2,8
56,2,8
57,2,8
58,2,8
59,2,8
60,2,8
61,2,8
62,2,8
63,2,8
64,2,8
65,2,8
66,2,8
67,2,8
68,2,8
69,2,8
70,2,8
1,3,8
2,3,8
3,3,8
4,3,8
5,3,8
6,3,8
7,3,8
8,3,8
9,3,8
10,3,8
11,3,8
12,3,8
13,3,8
14,3,8
15,3,8
16,3,8
17,3,8
18,3,8
19,3,8
20,3,8
21,3,8
22,3,8
23,3,8
24,3,8
25,3,8
26,3,8
27,3,8
28,3,8
29,3,8
30,3,8
31,3,8
32,3,8
33,3,8
34,3,8
35,3,8
36,3,8
37,3,8
38,3,8
39,3,8
40,3,8
41,3,8
42,3,8
43,3,8
44,3,8
45,3,8
46,3,8
47,3,8
48,3,8
49,3,8
50,3,8
51,3,8
52,3,8
53,3,8
54,3,8
55,3,8
56,3,8
57,3,8
58,3,8
59,3,8
60,3,8
61,3,8
62,3,8
63,3,8
64,3,8
65,3,8
66,3,8
67,3,8
68,3,8
69,3,8
70,3,8
1,1,9
2,1,9
3,1,9
4,1,9
5,1,9
6,1,9
7,1,9
8,1,9
9,1,9
10,1,9
11,1,9
12,1,9
13,1,9
14,1,9
15,1,9
16,1,9
17,1,9
18,1,9
19,1,9
20,1,9
21,1,9
22,1,9
23,1,9
24,1,9
25,1,9
26,1,9
27,1,9
28,1,9
29,1,9
30,1,9
31,1,9
32,1,9
33,1,9
34,1,9
35,1,9
36,1,9
37,1,9
38,1,9
39,1,9
40,1,9
41,1,9
42,1,9
43,1,9
44,1,9
45,1,9
46,1,9
47,1,9
48,1,9
49,1,9
50,1,9
51,1,9
52,1,9
53,1,9
54,1,9
55,1,9
56,1,9
57,1,9
58,1,9
59,1,9
60,1,9
61,1,9
62,1,9
63,1,9
64,1,9
65,1,9
66,1,9
67,1,9
68,1,9
69,1,9
70,1,9
1,2,9
2,2,9
3,2,9
4,2,9
5,2,9
6,2,9
7,2,9
8,2,9
9,2,9
10,2,9
11,2,9
12,2,9
13,2,9
14,2,9
15,2,9
16,2,9
17,2,9
18,2,9
19,2,9
20,2,9
21,2,9
22,2,9
23,2,9
24,2,9
25,2,9
26,2,9
27,2,9
28,2,9
29,2,9
30,2,9
31,2,9
32,2,9
33,2,9
34,2,9
35,2,9
36,2,9
37,2,9
38,2,9
39,2,9
40,2,9
41,2,9
42,2,9
43,2,9
44,2,9
45,2,9
46,2,9
47,2,9
48,2,9
49,2,9
50,2,9
51,2,9
52,2,9
53,2,9
54,2,9
55,2,9
56,2,9
57,2,9
58,2,9
59,2,9
60,2,9
61,2,9
62,2,9
63,2,9
64,2,9
65,2,9
66,2,9
67,2,9
68,2,9
69,2,9
70,2,9
1,3,9
2,3,9
3,3,9
4,3,9
5,3,9
6,3,9
7,3,9
8,3,9
9,3,9
10,3,9
11,3,9
12,3,9
13,3,9
14,3,9
15,3,9
16,3,9
17,3,9
18,3,9
19,3,9
20,3,9
21,3,9
22,3,9
23,3,9
24,3,9
25,3,9
26,3,9
27,3,9
28,3,9
29,3,9
30,3,9
31,3,9
32,3,9
33,3,9
34,3,9
35,3,9
36,3,9
37,3,9
38,3,9
39,3,9
40,3,9
41,3,9
42,3,9
43,3,9
44,3,9
45,3,9
46,3,9
47,3,9
48,3,9
49,3,9
50,3,9
51,3,9
52,3,9
53,3,9
54,3,9
55,3,9
56,3,9
57,3,9
58,3,9
59,3,9
60,3,9
61,3,9
62,3,9
63,3,9
64,3,9
65,3,9
66,3,9
67,3,9
68,3,9
69,3,9
70,3,9
1,1,10
2,1,10
3,1,10
4,1,10
5,1,10
6,1,10
7,1,10
8,1,10
9,1,10
10,1,10
11,1,10
12,1,10
13,1,10
14,1,10
15,1,10
16,1,10
17,1,10
18,1,10
19,1,10
20,1,10
21,1,10
22,1,10
23,1,10
24,1,10
25,1,10
26,1,10
27,1,10
28,1,10
29,1,10
30,1,10
31,1,10
32,1,10
33,1,10
34,1,10
35,1,10
36,1,10
37,1,10
38,1,10
39,1,10
40,1,10
41,1,10
42,1,10
43,1,10
44,1,10
45,1,10
46,1,10
47,1,10
48,1,10
49,1,10
50,1,10
51,1,10
52,1,10
53,1,10
54,1,10
55,1,10
56,1,10
57,1,10
58,1,10
59,1,10
60,1,10
61,1,10
62,1,10
63,1,10
64,1,10
65,1,10
66,1,10
67,1,10
68,1,10
69,1,10
70,1,10
1,2,10
2,2,10
3,2,10
4,2,10
5,2,10
6,2,10
7,2,10
8,2,10
9,2,10
10,2,10
11,2,10
12,2,10
13,2,10
14,2,10
15,2,10
16,2,10
17,2,10
18,2,10
19,2,10
20,2,10
21,2,10
22,2,10
23,2,10
24,2,10
25,2,10
26,2,10
27,2,10
28,2,10
29,2,10
30,2,10
31,2,10
32,2,10
33,2,10
34,2,10
35,2,10
36,2,10
37,2,10
38,2,10
39,2,10
40,2,10
41,2,10
42,2,10
43,2,10
44,2,10
45,2,10
46,2,10
47,2,10
48,2,10
49,2,10
50,2,10
51,2,10
52,2,10
53,2,10
54,2,10
55,2,10
56,2,10
57,2,10
58,2,10
59,2,10
60,2,10
61,2,10
62,2,10
63,2,10
64,2,10
65,2,10
66,2,10
67,2,10
68,2,10
69,2,10
70,2,10
1,3,10
2,3,10
3,3,10
4,3,10
5,3,10
6,3,10
7,3,10
8,3,10
9,3,10
10,3,10
11,3,10
12,3,10
13,3,10
14,3,10
15,3,10
16,3,10
17,3,10
18,3,10
19,3,10
20,3,10
21,3,10
22,3,10
23,3,10
24,3,10
25,3,10
26,3,10
27,3,10
28,3,10
29,3,10
30,3,10
31,3,10
32,3,10
33,3,10
34,3,10
35,3,10
36,3,10
37,3,10
38,3,10
39,3,10
40,3,10
41,3,10
42,3,10
43,3,10
44,3,10
45,3,10
46,3,10
47,3,10
48,3,10
49,3,10
50,3,10
51,3,10
52,3,10
53,3,10
54,3,10
55,3,10
56,3,10
57,3,10
58,3,10
59,3,10
60,3,10
61,3,10
62,3,10
63,3,10
64,3,10
65,3,10
66,3,10
67,3,10
68,3,10
69,3,10
70,3,10
1,1,11
2,1,11
3,1,11
4,1,11
5,1,11
6,1,11
7,1,11
8,1,11
9,1,11
10,1,11
11,1,11
12,1,11
13,1,11
14,1,11
15,1,11
16,1,11
17,1,11
18,1,11
19,1,11
20,1,11
21,1,11
22,1,11
23,1,11
24,1,11
25,1,11
26,1,11
27,1,11
28,1,11
29,1,11
30,1,11
31,1,11
32,1,11
33,1,11
34,1,11
35,1,11
36,1,11
37,1,11
38,1,11
39,1,11
40,1,11
41,1,11
42,1,11
43,1,11
44,1,11
45,1,11
46,1,11
47,1,11
48,1,11
49,1,11
50,1,11
51,1,11
52,1,11
53,1,11
54,1,11
55,1,11
56,1,11
57,1,11
58,1,11
59,1,11
60,1,11
61,1,11
62,1,11
63,1,11
64,1,11
65,1,11
66,1,11
67,1,11
68,1,11
69,1,11
70,1,11
1,2,11
2,2,11
3,2,11
4,2,11
5,2,11
6,2,11
7,2,11
8,2,11
9,2,11
10,2,11
11,2,11
12,2,11
13,2,11
14,2,11
15,2,11
16,2,11
17,2,11
18,2,11
19,2,11
20,2,11
21,2,11
22,2,11
23,2,11
24,2,11
25,2,11
26,2,11
27,2,11
28,2,11
29,2,11
30,2,11
31,2,11
32,2,11
33,2,11
34,2,11
35,2,11
36,2,11
37,2,11
38,2,11
39,2,11
40,2,11
41,2,11
42,2,11
43,2,11
44,2,11
45,2,11
46,2,11
47,2,11
48,2,11
49,2,11
50,2,11
51,2,11
52,2,11
53,2,11
54,2,11
55,2,11
56,2,11
57,2,11
58,2,11
59,2,11
60,2,11
61,2,11
62,2,11
63,2,11
64,2,11
65,2,11
66,2,11
67,2,11
68,2,11
69,2,11
70,2,11
1,3,11
2,3,11
3,3,11
4,3,11
5,3,11
6,3,11
7,3,11
8,3,11
9,3,11
10,3,11
11,3,11
12,3,11
13,3,11
14,3,11
15,3,11
16,3,11
17,3,11
18,3,11
19,3,11
20,3,11
21,3,11
22,3,11
23,3,11
24,3,11
25,3,11
26,3,11
27,3,11
28,3,11
29,3,11
30,3,11
31,3,11
32,3,11
33,3,11
34,3,11
35,3,11
36,3,11
37,3,11
38,3,11
39,3,11
40,3,11
41,3,11
42,3,11
43,3,11
44,3,11
45,3,11
46,3,11
47,3,11
48,3,11
49,3,11
50,3,11
51,3,11
52,3,11
53,3,11
54,3,11
55,3,11
56,3,11
57,3,11
58,3,11
59,3,11
60,3,11
61,3,11
62,3,11
63,3,11
64,3,11
65,3,11
66,3,11
67,3,11
68,3,11
69,3,11
70,3,11
1,1,12
2,1,12
3,1,12
4,1,12
5,1,12
6,1,12
7,1,12
8,1,12
9,1,12
10,1,12
11,1,12
12,1,12
13,1,12
14,1,12
15,1,12
16,1,12
17,1,12
18,1,12
19,1,12
20,1,12
21,1,12
22,1,12
23,1,12
24,1,12
25,1,12
26,1,12
27,1,12
28,1,12
29,1,12
30,1,12
31,1,12
32,1,12
33,1,12
34,1,12
35,1,12
36,1,12
37,1,12
38,1,12
39,1,12
40,1,12
41,1,12
42,1,12
43,1,12
44,1,12
45,1,12
46,1,12
47,1,12
48,1,12
49,1,12
50,1,12
51,1,12
52,1,12
53,1,12
54,1,12
55,1,12
56,1,12
57,1,12
58,1,12
59,1,12
60,1,12
61,1,12
62,1,12
63,1,12
64,1,12
65,1,12
66,1,12
67,1,12
68,1,12
69,1,12
70,1,12
1,2,12
2,2,12
3,2,12
4,2,12
5,2,12
6,2,12
7,2,12
8,2,12
9,2,12
10,2,12
11,2,12
12,2,12
13,2,12
14,2,12
15,2,12
16,2,12
17,2,12
18,2,12
19,2,12
20,2,12
21,2,12
22,2,12
23,2,12
24,2,12
25,2,12
26,2,12
27,2,12
28,2,12
29,2,12
30,2,12
31,2,12
32,2,12
33,2,12
34,2,12
35,2,12
36,2,12
37,2,12
38,2,12
39,2,12
40,2,12
41,2,12
42,2,12
43,2,12
44,2,12
45,2,12
46,2,12
47,2,12
48,2,12
49,2,12
50,2,12
51,2,12
52,2,12
53,2,12
54,2,12
55,2,12
56,2,12
57,2,12
58,2,12
59,2,12
60,2,12
61,2,12
62,2,12
63,2,12
64,2,12
65,2,12
66,2,12
67,2,12
68,2,12
69,2,12
70,2,12
1,3,12
2,3,12
3,3,12
4,3,12
5,3,12
6,3,12
7,3,12
8,3,12
9,3,12
10,3,12
11,3,12
12,3,12
13,3,12
14,3,12
15,3,12
16,3,12
17,3,12
18,3,12
19,3,12
20,3,12
21,3,12
22,3,12
23,3,12
24,3,12
25,3,12
26,3,12
27,3,12
28,3,12
29,3,12
30,3,12
31,3,12
32,3,12
33,3,12
34,3,12
35,3,12
36,3,12
37,3,12
38,3,12
39,3,12
40,3,12
41,3,12
42,3,12
43,3,12
44,3,12
45,3,12
46,3,12
47,3,12
48,3,12
49,3,12
50,3,12
51,3,12
52,3,12
53,3,12
54,3,12
55,3,12
56,3,12
57,3,12
58,3,12
59,3,12
60,3,12
61,3,12
62,3,12
63,3,12
64,3,12
65,3,12
66,3,12
67,3,12
68,3,12
69,3,12
70,3,12
1,1,13
2,1,13
3,1,13
4,1,13
5,1,13
6,1,13
7,1,13
8,1,13
9,1,13
10,1,13
11,1,13
12,1,13
13,1,13
14,1,13
15,1,13
16,1,13
17,1,13
18,1,13
19,1,13
20,1,13
21,1,13
22,1,13
23,1,13
24,1,13
25,1,13
26,1,13
27,1,13
28,1,13
29,1,13
30,1,13
31,1,13
32,1,13
33,1,13
34,1,13
35,1,13
36,1,13
37,1,13
38,1,13
39,1,13
40,1,13
41,1,13
42,1,13
43,1,13
44,1,13
45,1,13
46,1,13
47,1,13
48,1,13
49,1,13
50,1,13
51,1,13
52,1,13
53,1,13
54,1,13
55,1,13
56,1,13
57,1,13
58,1,13
59,1,13
60,1,13
61,1,13
62,1,13
63,1,13
64,1,13
65,1,13
66,1,13
67,1,13
68,1,13
69,1,13
70,1,13
1,2,13
2,2,13
3,2,13
4,2,13
5,2,13
6,2,13
7,2,13
8,2,13
9,2,13
10,2,13
11,2,13
12,2,13
13,2,13
14,2,13
15,2,13
16,2,13
17,2,13
18,2,13
19,2,13
20,2,13
21,2,13
22,2,13
23,2,13
24,2,13
25,2,13
26,2,13
27,2,13
28,2,13
29,2,13
30,2,13
31,2,13
32,2,13
33,2,13
34,2,13
35,2,13
36,2,13
37,2,13
38,2,13
39,2,13
40,2,13
41,2,13
42,2,13
43,2,13
44,2,13
45,2,13
46,2,13
47,2,13
48,2,13
49,2,13
50,2,13
51,2,13
52,2,13
53,2,13
54,2,13
55,2,13
56,2,13
57,2,13
58,2,13
59,2,13
60,2,13
61,2,13
62,2,13
63,2,13
64,2,13
65,2,13
66,2,13
67,2,13
68,2,13
69,2,13
70,2,13
1,3,13
2,3,13
3,3,13
4,3,13
5,3,13
6,3,13
7,3,13
8,3,13
9,3,13
10,3,13
11,3,13
12,3,13
13,3,13
14,3,13
15,3,13
16,3,13
17,3,13
18,3,13
19,3,13
20,3,13
21,3,13
22,3,13
23,3,13
24,3,13
25,3,13
26,3,13
27,3,13
28,3,13
29,3,13
30,3,13
31,3,13
32,3,13
33,3,13
34,3,13
35,3,13
36,3,13
37,3,13
38,3,13
39,3,13
40,3,13
41,3,13
42,3,13
43,3,13
44,3,13
45,3,13
46,3,13
47,3,13
48,3,13
49,3,13
50,3,13
51,3,13
52,3,13
53,3,13
54,3,13
55,3,13
56,3,13
57,3,13
58,3,13
59,3,13
60,3,13
61,3,13
62,3,13
63,3,13
64,3,13
65,3,13
66,3,13
67,3,13
68,3,13
69,3,13
70,3,13
1,1,14
2,1,14
3,1,14
4,1,14
5,1,14
6,1,14
7,1,14
8,1,14
9,1,14
10,1,14
11,1,14
12,1,14
13,1,14
14,1,14
15,1,14
16,1,14
17,1,14
18,1,14
19,1,14
20,1,14
21,1,14
22,1,14
23,1,14
24,1,14
25,1,14
26,1,14
27,1,14
28,1,14
29,1,14
30,1,14
31,1,14
32,1,14
33,1,14
34,1,14
35,1,14
36,1,14
37,1,14
38,1,14
39,1,14
40,1,14
41,1,14
42,1,14
43,1,14
44,1,14
45,1,14
46,1,14
47,1,14
48,1,14
49,1,14
50,1,14
51,1,14
52,1,14
53,1,14
54,1,14
55,1,14
56,1,14
57,1,14
58,1,14
59,1,14
60,1,14
61,1,14
62,1,14
63,1,14
64,1,14
65,1,14
66,1,14
67,1,14
68,1,14
69,1,14
70,1,14
1,2,14
2,2,14
3,2,14
4,2,14
5,2,14
6,2,14
7,2,14
8,2,14
9,2,14
10,2,14
11,2,14
12,2,14
13,2,14
14,2,14
15,2,14
16,2,14
17,2,14
18,2,14
19,2,14
20,2,14
21,2,14
22,2,14
23,2,14
24,2,14
25,2,14
26,2,14
27,2,14
28,2,14
29,2,14
30,2,14
31,2,14
32,2,14
33,2,14
34,2,14
35,2,14
36,2,14
37,2,14
38,2,14
39,2,14
40,2,14
41,2,14
42,2,14
43,2,14
44,2,14
45,2,14
46,2,14
47,2,14
48,2,14
49,2,14
50,2,14
51,2,14
52,2,14
53,2,14
54,2,14
55,2,14
56,2,14
57,2,14
58,2,14
59,2,14
60,2,14
61,2,14
62,2,14
63,2,14
64,2,14
65,2,14
66,2,14
67,2,14
68,2,14
69,2,14
70,2,14
1,3,14
2,3,14
3,3,14
4,3,14
5,3,14
6,3,14
7,3,14
8,3,14
9,3,14
10,3,14
11,3,14
12,3,14
13,3,14
14,3,14
15,3,14
16,3,14
17,3,14
18,3,14
19,3,14
20,3,14
21,3,14
22,3,14
23,3,14
24,3,14
25,3,14
26,3,14
27,3,14
28,3,14
29,3,14
30,3,14
31,3,14
32,3,14
33,3,14
34,3,14
35,3,14
36,3,14
37,3,14
38,3,14
39,3,14
40,3,14
41,3,14
42,3,14
43,3,14
44,3,14
45,3,14
46,3,14
47,3,14
48,3,14
49,3,14
50,3,14
51,3,14
52,3,14
53,3,14
54,3,14
55,3,14
56,3,14
57,3,14
58,3,14
59,3,14
60,3,14
61,3,14
62,3,14
63,3,14
64,3,14
65,3,14
66,3,14
67,3,14
68,3,14
69,3,14
70,3,14
1,1,15
2,1,15
3,1,15
4,1,15
5,1,15
6,1,15
7,1,15
8,1,15
9,1,15
10,1,15
11,1,15
12,1,15
13,1,15
14,1,15
15,1,15
16,1,15
17,1,15
18,1,15
19,1,15
20,1,15
21,1,15
22,1,15
23,1,15
24,1,15
25,1,15
26,1,15
27,1,15
28,1,15
29,1,15
30,1,15
31,1,15
32,1,15
33,1,15
34,1,15
35,1,15
36,1,15
37,1,15
38,1,15
39,1,15
40,1,15
41,1,15
42,1,15
43,1,15
44,1,15
45,1,15
46,1,15
47,1,15
48,1,15
49,1,15
50,1,15
51,1,15
52,1,15
53,1,15
54,1,15
55,1,15
56,1,15
57,1,15
58,1,15
59,1,15
60,1,15
61,1,15
62,1,15
63,1,15
64,1,15
65,1,15
66,1,15
67,1,15
68,1,15
69,1,15
70,1,15
1,2,15
2,2,15
3,2,15
4,2,15
5,2,15
6,2,15
7,2,15
8,2,15
9,2,15
10,2,15
11,2,15
12,2,15
13,2,15
14,2,15
15,2,15
16,2,15
17,2,15
18,2,15
19,2,15
20,2,15
21,2,15
22,2,15
23,2,15
24,2,15
25,2,15
26,2,15
27,2,15
28,2,15
29,2,15
30,2,15
31,2,15
32,2,15
33,2,15
34,2,15
35,2,15
36,2,15
37,2,15
38,2,15
39,2,15
40,2,15
41,2,15
42,2,15
43,2,15
44,2,15
45,2,15
46,2,15
47,2,15
48,2,15
49,2,15
50,2,15
51,2,15
52,2,15
53,2,15
54,2,15
55,2,15
56,2,15
57,2,15
58,2,15
59,2,15
60,2,15
61,2,15
62,2,15
63,2,15
64,2,15
65,2,15
66,2,15
67,2,15
68,2,15
69,2,15
70,2,15
1,3,15
2,3,15
3,3,15
4,3,15
5,3,15
6,3,15
7,3,15
8,3,15
9,3,15
10,3,15
11,3,15
12,3,15
13,3,15
14,3,15
15,3,15
16,3,15
17,3,15
18,3,15
19,3,15
20,3,15
21,3,15
22,3,15
23,3,15
24,3,15
25,3,15
26,3,15
27,3,15
28,3,15
29,3,15
30,3,15
31,3,15
32,3,15
33,3,15
34,3,15
35,3,15
36,3,15
37,3,15
38,3,15
39,3,15
40,3,15
41,3,15
42,3,15
43,3,15
44,3,15
45,3,15
46,3,15
47,3,15
48,3,15
49,3,15
50,3,15
51,3,15
52,3,15
53,3,15
54,3,15
55,3,15
56,3,15
57,3,15
58,3,15
59,3,15
60,3,15
61,3,15
62,3,15
63,3,15
64,3,15
65,3,15
66,3,15
67,3,15
68,3,15
69,3,15
70,3,15
1,1,16
2,1,16
3,1,16
4,1,16
5,1,16
6,1,16
7,1,16
8,1,16
9,1,16
10,1,16
11,1,16
12,1,16
13,1,16
14,1,16
15,1,16
16,1,16
17,1,16
18,1,16
19,1,16
20,1,16
21,1,16
22,1,16
23,1,16
24,1,16
25,1,16
26,1,16
27,1,16
28,1,16
29,1,16
30,1,16
31,1,16
32,1,16
33,1,16
34,1,16
35,1,16
36,1,16
37,1,16
38,1,16
39,1,16
40,1,16
41,1,16
42,1,16
43,1,16
44,1,16
45,1,16
46,1,16
47,1,16
48,1,16
49,1,16
50,1,16
51,1,16
52,1,16
53,1,16
54,1,16
55,1,16
56,1,16
57,1,16
58,1,16
59,1,16
60,1,16
61,1,16
62,1,16
63,1,16
64,1,16
65,1,16
66,1,16
67,1,16
68,1,16
69,1,16
70,1,16
1,2,16
2,2,16
3,2,16
4,2,16
5,2,16
6,2,16
7,2,16
8,2,16
9,2,16
10,2,16
11,2,16
12,2,16
13,2,16
14,2,16
15,2,16
16,2,16
17,2,16
18,2,16
19,2,16
20,2,16
21,2,16
22,2,16
23,2,16
24,2,16
25,2,16
26,2,16
27,2,16
28,2,16
29,2,16
30,2,16
31,2,16
32,2,16
33,2,16
34,2,16
35,2,16
36,2,16
37,2,16
38,2,16
39,2,16
40,2,16
41,2,16
42,2,16
43,2,16
44,2,16
45,2,16
46,2,16
47,2,16
48,2,16
49,2,16
50,2,16
51,2,16
52,2,16
53,2,16
54,2,16
55,2,16
56,2,16
57,2,16
58,2,16
59,2,16
60,2,16
61,2,16
62,2,16
63,2,16
64,2,16
65,2,16
66,2,16
67,2,16
68,2,16
69,2,16
70,2,16
1,3,16
2,3,16
3,3,16
4,3,16
5,3,16
6,3,16
7,3,16
8,3,16
9,3,16
10,3,16
11,3,16
12,3,16
13,3,16
14,3,16
15,3,16
16,3,16
17,3,16
18,3,16
19,3,16
20,3,16
21,3,16
22,3,16
23,3,16
24,3,16
25,3,16
26,3,16
27,3,16
28,3,16
29,3,16
30,3,16
31,3,16
32,3,16
33,3,16
34,3,16
35,3,16
36,3,16
37,3,16
38,3,16
39,3,16
40,3,16
41,3,16
42,3,16
43,3,16
44,3,16
45,3,16
46,3,16
47,3,16
48,3,16
49,3,16
50,3,16
51,3,16
52,3,16
53,3,16
54,3,16
55,3,16
56,3,16
57,3,16
58,3,16
59,3,16
60,3,16
61,3,16
62,3,16
63,3,16
64,3,16
65,3,16
66,3,16
67,3,16
68,3,16
69,3,16
70,3,16
1,1,17
2,1,17
3,1,17
4,1,17
5,1,17
6,1,17
7,1,17
8,1,17
9,1,17
10,1,17
11,1,17
12,1,17
13,1,17
14,1,17
15,1,17
16,1,17
17,1,17
18,1,17
19,1,17
20,1,17
21,1,17
22,1,17
23,1,17
24,1,17
25,1,17
26,1,17
27,1,17
28,1,17
29,1,17
30,1,17
31,1,17
32,1,17
33,1,17
34,1,17
35,1,17
36,1,17
37,1,17
38,1,17
39,1,17
40,1,17
41,1,17
42,1,17
43,1,17
44,1,17
45,1,17
46,1,17
47,1,17
48,1,17
49,1,17
50,1,17
51,1,17
52,1,17
53,1,17
54,1,17
55,1,17
56,1,17
57,1,17
58,1,17
59,1,17
60,1,17
61,1,17
62,1,17
63,1,17
64,1,17
65,1,17
66,1,17
67,1,17
68,1,17
69,1,17
70,1,17
1,2,17
2,2,17
3,2,17
4,2,17
5,2,17
6,2,17
7,2,17
8,2,17
9,2,17
10,2,17
11,2,17
12,2,17
13,2,17
14,2,17
15,2,17
16,2,17
17,2,17
18,2,17
19,2,17
20,2,17
21,2,17
22,2,17
23,2,17
24,2,17
25,2,17
26,2,17
27,2,17
28,2,17
29,2,17
30,2,17
31,2,17
32,2,17
33,2,17
34,2,17
35,2,17
36,2,17
37,2,17
38,2,17
39,2,17
40,2,17
41,2,17
42,2,17
43,2,17
44,2,17
45,2,17
46,2,17
47,2,17
48,2,17
49,2,17
50,2,17
51,2,17
52,2,17
53,2,17
54,2,17
55,2,17
56,2,17
57,2,17
58,2,17
59,2,17
60,2,17
61,2,17
62,2,17
63,2,17
64,2,17
65,2,17
66,2,17
67,2,17
68,2,17
69,2,17
70,2,17
1,3,17
2,3,17
3,3,17
4,3,17
5,3,17
6,3,17
7,3,17
8,3,17
9,3,17
10,3,17
11,3,17
12,3,17
13,3,17
14,3,17
15,3,17
16,3,17
17,3,17
18,3,17
19,3,17
20,3,17
21,3,17
22,3,17
23,3,17
24,3,17
25,3,17
26,3,17
27,3,17
28,3,17
29,3,17
30,3,17
31,3,17
32,3,17
33,3,17
34,3,17
35,3,17
36,3,17
37,3,17
38,3,17
39,3,17
40,3,17
41,3,17
42,3,17
43,3,17
44,3,17
45,3,17
46,3,17
47,3,17
48,3,17
49,3,17
50,3,17
51,3,17
52,3,17
53,3,17
54,3,17
55,3,17
56,3,17
57,3,17
58,3,17
59,3,17
60,3,17
61,3,17
62,3,17
63,3,17
64,3,17
65,3,17
66,3,17
67,3,17
68,3,17
69,3,17
70,3,17
1,1,18
2,1,18
3,1,18
4,1,18
5,1,18
6,1,18
7,1,18
8,1,18
9,1,18
10,1,18
11,1,18
12,1,18
13,1,18
14,1,18
15,1,18
16,1,18
17,1,18
18,1,18
19,1,18
20,1,18
21,1,18
22,1,18
23,1,18
24,1,18
25,1,18
26,1,18
27,1,18
28,1,18
29,1,18
30,1,18
31,1,18
32,1,18
33,1,18
34,1,18
35,1,18
36,1,18
37,1,18
38,1,18
39,1,18
40,1,18
41,1,18
42,1,18
43,1,18
44,1,18
45,1,18
46,1,18
47,1,18
48,1,18
49,1,18
50,1,18
51,1,18
52,1,18
53,1,18
54,1,18
55,1,18
56,1,18
57,1,18
58,1,18
59,1,18
60,1,18
61,1,18
62,1,18
63,1,18
64,1,18
65,1,18
66,1,18
67,1,18
68,1,18
69,1,18
70,1,18
1,2,18
2,2,18
3,2,18
4,2,18
5,2,18
6,2,18
7,2,18
8,2,18
9,2,18
10,2,18
11,2,18
12,2,18
13,2,18
14,2,18
15,2,18
16,2,18
17,2,18
18,2,18
19,2,18
20,2,18
21,2,18
22,2,18
23,2,18
24,2,18
25,2,18
26,2,18
27,2,18
28,2,18
29,2,18
30,2,18
31,2,18
32,2,18
33,2,18
34,2,18
35,2,18
36,2,18
37,2,18
38,2,18
39,2,18
40,2,18
41,2,18
42,2,18
43,2,18
44,2,18
45,2,18
46,2,18
47,2,18
48,2,18
49,2,18
50,2,18
51,2,18
52,2,18
53,2,18
54,2,18
55,2,18
56,2,18
57,2,18
58,2,18
59,2,18
60,2,18
61,2,18
62,2,18
63,2,18
64,2,18
65,2,18
66,2,18
67,2,18
68,2,18
69,2,18
70,2,18
1,3,18
2,3,18
3,3,18
4,3,18
5,3,18
6,3,18
7,3,18
8,3,18
9,3,18
10,3,18
11,3,18
12,3,18
13,3,18
14,3,18
15,3,18
16,3,18
17,3,18
18,3,18
19,3,18
20,3,18
21,3,18
22,3,18
23,3,18
24,3,18
25,3,18
26,3,18
27,3,18
28,3,18
29,3,18
30,3,18
31,3,18
32,3,18
33,3,18
34,3,18
35,3,18
36,3,18
37,3,18
38,3,18
39,3,18
40,3,18
41,3,18
42,3,18
43,3,18
44,3,18
45,3,18
46,3,18
47,3,18
48,3,18
49,3,18
50,3,18
51,3,18
52,3,18
53,3,18
54,3,18
55,3,18
56,3,18
57,3,18
58,3,18
59,3,18
60,3,18
61,3,18
62,3,18
63,3,18
64,3,18
65,3,18
66,3,18
67,3,18
68,3,18
69,3,18
70,3,18
1,1,19
2,1,19
3,1,19
4,1,19
5,1,19
6,1,19
7,1,19
8,1,19
9,1,19
10,1,19
11,1,19
12,1,19
13,1,19
14,1,19
15,1,19
16,1,19
17,1,19
18,1,19
19,1,19
20,1,19
21,1,19
22,1,19
23,1,19
24,1,19
25,1,19
26,1,19
27,1,19
28,1,19
29,1,19
30,1,19
31,1,19
32,1,19
33,1,19
34,1,19
35,1,19
36,1,19
37,1,19
38,1,19
39,1,19
40,1,19
41,1,19
42,1,19
43,1,19
44,1,19
45,1,19
46,1,19
47,1,19
48,1,19
49,1,19
50,1,19
51,1,19
52,1,19
53,1,19
54,1,19
55,1,19
56,1,19
57,1,19
58,1,19
59,1,19
60,1,19
61,1,19
62,1,19
63,1,19
64,1,19
65,1,19
66,1,19
67,1,19
68,1,19
69,1,19
70,1,19
1,2,19
2,2,19
3,2,19
4,2,19
5,2,19
6,2,19
7,2,19
8,2,19
9,2,19
10,2,19
11,2,19
12,2,19
13,2,19
14,2,19
15,2,19
16,2,19
17,2,19
18,2,19
19,2,19
20,2,19
21,2,19
22,2,19
23,2,19
24,2,19
25,2,19
26,2,19
27,2,19
28,2,19
29,2,19
30,2,19
31,2,19
32,2,19
33,2,19
34,2,19
35,2,19
36,2,19
37,2,19
38,2,19
39,2,19
40,2,19
41,2,19
42,2,19
43,2,19
44,2,19
45,2,19
46,2,19
47,2,19
48,2,19
49,2,19
50,2,19
51,2,19
52,2,19
53,2,19
54,2,19
55,2,19
56,2,19
57,2,19
58,2,19
59,2,19
60,2,19
61,2,19
62,2,19
63,2,19
64,2,19
65,2,19
66,2,19
67,2,19
68,2,19
69,2,19
70,2,19
1,3,19
2,3,19
3,3,19
4,3,19
5,3,19
6,3,19
7,3,19
8,3,19
9,3,19
10,3,19
11,3,19
12,3,19
13,3,19
14,3,19
15,3,19
16,3,19
17,3,19
18,3,19
19,3,19
20,3,19
21,3,19
22,3,19
23,3,19
24,3,19
25,3,19
26,3,19
27,3,19
28,3,19
29,3,19
30,3,19
31,3,19
32,3,19
33,3,19
34,3,19
35,3,19
36,3,19
37,3,19
38,3,19
39,3,19
40,3,19
41,3,19
42,3,19
43,3,19
44,3,19
45,3,19
46,3,19
47,3,19
48,3,19
49,3,19
50,3,19
51,3,19
52,3,19
53,3,19
54,3,19
55,3,19
56,3,19
57,3,19
58,3,19
59,3,19
60,3,19
61,3,19
62,3,19
63,3,19
64,3,19
65,3,19
66,3,19
67,3,19
68,3,19
69,3,19
70,3,19
1,1,20
2,1,20
3,1,20
4,1,20
5,1,20
6,1,20
7,1,20
8,1,20
9,1,20
10,1,20
11,1,20
12,1,20
13,1,20
14,1,20
15,1,20
16,1,20
17,1,20
18,1,20
19,1,20
20,1,20
21,1,20
22,1,20
23,1,20
24,1,20
25,1,20
26,1,20
27,1,20
28,1,20
29,1,20
30,1,20
31,1,20
32,1,20
33,1,20
34,1,20
35,1,20
36,1,20
37,1,20
38,1,20
39,1,20
40,1,20
41,1,20
42,1,20
43,1,20
44,1,20
45,1,20
46,1,20
47,1,20
48,1,20
49,1,20
50,1,20
51,1,20
52,1,20
53,1,20
54,1,20
55,1,20
56,1,20
57,1,20
58,1,20
59,1,20
60,1,20
61,1,20
62,1,20
63,1,20
64,1,20
65,1,20
66,1,20
67,1,20
68,1,20
69,1,20
70,1,20
1,2,20
2,2,20
3,2,20
4,2,20
5,2,20
6,2,20
7,2,20
8,2,20
9,2,20
10,2,20
11,2,20
12,2,20
13,2,20
14,2,20
15,2,20
16,2,20
17,2,20
18,2,20
19,2,20
20,2,20
21,2,20
22,2,20
23,2,20
24,2,20
25,2,20
26,2,20
27,2,20
28,2,20
29,2,20
30,2,20
31,2,20
32,2,20
33,2,20
34,2,20
35,2,20
36,2,20
37,2,20
38,2,20
39,2,20
40,2,20
41,2,20
42,2,20
43,2,20
44,2,20
45,2,20
46,2,20
47,2,20
48,2,20
49,2,20
50,2,20
51,2,20
52,2,20
53,2,20
54,2,20
55,2,20
56,2,20
57,2,20
58,2,20
59,2,20
60,2,20
61,2,20
62,2,20
63,2,20
64,2,20
65,2,20
66,2,20
67,2,20
68,2,20
69,2,20
70,2,20
1,3,20
2,3,20
3,3,20
4,3,20
5,3,20
6,3,20
7,3,20
8,3,20
9,3,20
10,3,20
11,3,20
12,3,20
13,3,20
14,3,20
15,3,20
16,3,20
17,3,20
18,3,20
19,3,20
20,3,20
21,3,20
22,3,20
23,3,20
24,3,20
25,3,20
26,3,20
27,3,20
28,3,20
29,3,20
30,3,20
31,3,20
32,3,20
33,3,20
34,3,20
35,3,20
36,3,20
37,3,20
38,3,20
39,3,20
40,3,20
41,3,20
42,3,20
43,3,20
44,3,20
45,3,20
46,3,20
47,3,20
48,3,20
49,3,20
50,3,20
51,3,20
52,3,20
53,3,20
54,3,20
55,3,20
56,3,20
57,3,20
58,3,20
59,3,20
60,3,20
61,3,20
62,3,20
63,3,20
64,3,20
65,3,20
66,3,20
67,3,20
68,3,20
69,3,20
70,3,20
1,1,21
2,1,21
3,1,21
4,1,21
5,1,21
6,1,21
7,1,21
8,1,21
9,1,21
10,1,21
11,1,21
12,1,21
13,1,21
14,1,21
15,1,21
16,1,21
17,1,21
18,1,21
19,1,21
20,1,21
21,1,21
22,1,21
23,1,21
24,1,21
25,1,21
26,1,21
27,1,21
28,1,21
29,1,21
30,1,21
31,1,21
32,1,21
33,1,21
34,1,21
35,1,21
36,1,21
37,1,21
38,1,21
39,1,21
40,1,21
41,1,21
42,1,21
43,1,21
44,1,21
45,1,21
46,1,21
47,1,21
48,1,21
49,1,21
50,1,21
51,1,21
52,1,21
53,1,21
54,1,21
55,1,21
56,1,21
57,1,21
58,1,21
59,1,21
60,1,21
61,1,21
62,1,21
63,1,21
64,1,21
65,1,21
66,1,21
67,1,21
68,1,21
69,1,21
70,1,21
1,2,21
2,2,21
3,2,21
4,2,21
5,2,21
6,2,21
7,2,21
8,2,21
9,2,21
10,2,21
11,2,21
12,2,21
13,2,21
14,2,21
15,2,21
16,2,21
17,2,21
18,2,21
19,2,21
20,2,21
21,2,21
22,2,21
23,2,21
24,2,21
25,2,21
26,2,21
27,2,21
28,2,21
29,2,21
30,2,21
31,2,21
32,2,21
33,2,21
34,2,21
35,2,21
36,2,21
37,2,21
38,2,21
39,2,21
40,2,21
41,2,21
42,2,21
43,2,21
44,2,21
45,2,21
46,2,21
47,2,21
48,2,21
49,2,21
50,2,21
51,2,21
52,2,21
53,2,21
54,2,21
55,2,21
56,2,21
57,2,21
58,2,21
59,2,21
60,2,21
61,2,21
62,2,21
63,2,21
64,2,21
65,2,21
66,2,21
67,2,21
68,2,21
69,2,21
70,2,21
1,3,21
2,3,21
3,3,21
4,3,21
5,3,21
6,3,21
7,3,21
8,3,21
9,3,21
10,3,21
11,3,21
12,3,21
13,3,21
14,3,21
15,3,21
16,3,21
17,3,21
18,3,21
19,3,21
20,3,21
21,3,21
22,3,21
23,3,21
24,3,21
25,3,21
26,3,21
27,3,21
28,3,21
29,3,21
30,3,21
31,3,21
32,3,21
33,3,21
34,3,21
35,3,21
36,3,21
37,3,21
38,3,21
39,3,21
40,3,21
41,3,21
42,3,21
43,3,21
44,3,21
45,3,21
46,3,21
47,3,21
48,3,21
49,3,21
50,3,21
51,3,21
52,3,21
53,3,21
54,3,21
55,3,21
56,3,21
57,3,21
58,3,21
59,3,21
60,3,21
61,3,21
62,3,21
63,3,21
64,3,21
65,3,21
66,3,21
67,3,21
68,3,21
69,3,21
70,3,21
